0	1	1
0	2	1
0	3	1
0	4	1
0	5	1
6	0	1
0	7	1
0	8	1
9	0	1
10	0	1
11	0	1
0	12	1
13	0	1
0	14	1
15	0	1
0	16	1
17	0	1
0	18	1
0	19	1
0	20	1
0	21	1
22	0	1
0	23	1
0	24	1
25	0	1
26	0	1
27	0	1
0	28	1
29	0	1
0	30	1
31	0	1
32	0	1
0	33	1
0	34	1
35	0	1
36	0	1
0	37	1
38	0	1
0	39	1
40	0	1
0	41	1
0	42	1
0	43	1
0	44	1
0	45	1
0	46	1
47	0	1
0	48	1
49	0	1
0	50	1
51	0	1
0	52	1
0	53	1
54	0	1
0	55	1
0	56	1
57	0	1
0	58	1
0	59	1
0	60	1
61	0	1
0	62	1
0	63	1
0	64	1
65	0	1
66	0	1
0	67	1
68	0	1
0	69	1
70	0	1
71	0	1
72	0	1
73	0	1
0	74	1
0	75	1
0	76	1
77	0	1
0	78	1
0	79	1
80	0	1
0	81	1
0	82	1
83	0	1
84	0	1
0	85	1
0	86	1
0	87	1
88	0	1
89	0	1
90	0	1
91	0	1
0	92	1
0	93	1
94	0	1
0	95	1
0	96	1
0	97	1
98	0	1
99	0	1
100	0	1
0	101	1
102	103	1
104	102	1
105	106	1
107	108	1
107	109	1
110	111	1
112	113	1
114	115	1
116	117	1
118	117	1
117	109	1
119	120	1
121	122	1
121	121	1
123	124	1
125	126	1
127	125	1
128	125	1
129	130	1
57	129	1
131	129	1
132	129	1
133	129	1
134	129	1
135	136	1
137	138	1
137	139	1
140	137	1
141	142	1
141	143	1
144	141	1
145	141	1
146	147	1
148	149	1
150	148	1
151	152	1
153	154	1
155	153	1
156	153	1
153	157	1
158	153	1
159	160	1
161	160	1
160	162	1
163	160	1
164	160	1
152	160	1
165	160	1
160	166	1
167	168	1
167	169	1
167	170	1
171	167	1
167	172	1
173	167	1
167	174	1
167	175	1
167	176	1
177	167	1
167	178	1
167	179	1
180	167	1
181	167	1
182	183	1
182	184	1
185	182	1
182	182	1
186	187	1
188	57	1
189	190	1
189	191	1
189	192	1
193	194	1
195	194	1
194	196	1
194	197	1
108	194	1
198	194	1
199	194	1
200	194	1
194	201	1
194	202	1
194	203	1
204	194	1
205	194	1
206	194	1
207	194	1
208	194	1
194	209	1
194	210	1
194	211	1
194	212	1
194	213	1
214	194	1
194	215	1
216	194	1
217	194	1
218	194	1
194	219	1
220	194	1
194	221	1
222	223	1
48	222	1
222	100	1
224	225	1
226	224	1
227	228	1
227	122	1
227	229	1
227	230	1
231	227	1
227	232	1
233	227	1
227	234	1
227	235	1
236	227	1
237	227	1
238	227	1
239	227	1
240	227	1
241	227	1
227	242	1
227	97	1
227	101	1
243	244	1
161	244	1
244	245	1
244	246	1
244	247	1
244	248	1
244	249	1
244	250	1
244	251	1
252	244	1
244	253	1
254	244	1
255	244	1
244	256	1
257	244	1
258	244	1
136	244	1
244	259	1
244	260	1
244	261	1
262	263	1
264	204	1
264	265	1
264	266	1
267	264	1
268	269	1
268	270	1
268	271	1
268	272	1
273	268	1
268	274	1
275	268	1
276	277	1
278	279	1
278	280	1
278	281	1
278	282	1
278	283	1
284	278	1
278	285	1
147	278	1
240	278	1
286	278	1
108	287	1
287	288	1
287	114	1
287	289	1
206	290	1
291	292	1
291	293	1
79	291	1
291	294	1
295	296	1
296	297	1
298	299	1
300	301	1
183	300	1
302	300	1
303	300	1
304	300	1
50	300	1
300	68	1
300	94	1
305	306	1
305	307	1
170	305	1
308	305	1
305	309	1
310	305	1
305	311	1
312	305	1
313	305	1
74	314	1
315	74	1
316	74	1
74	317	1
318	74	1
74	183	1
74	319	1
74	320	1
321	74	1
322	74	1
323	74	1
324	74	1
74	325	1
326	74	1
74	327	1
74	328	1
74	329	1
330	74	1
74	331	1
74	332	1
74	333	1
74	40	1
74	334	1
335	74	1
336	74	1
337	74	1
74	338	1
339	74	1
74	49	1
74	340	1
74	341	1
212	74	1
74	56	1
74	342	1
343	74	1
74	344	1
345	74	1
74	346	1
74	347	1
74	348	1
74	74	1
74	349	1
350	74	1
351	74	1
74	352	1
74	353	1
74	92	1
74	93	1
74	354	1
74	355	1
74	356	1
357	74	1
74	358	1
359	360	1
361	361	1
362	363	1
364	362	1
362	365	1
362	366	1
362	68	1
362	367	1
362	368	1
369	370	1
370	6	1
371	370	1
370	372	1
373	370	1
374	370	1
370	375	1
376	370	1
377	370	1
34	370	1
370	223	1
378	370	1
370	379	1
380	370	1
381	370	1
382	370	1
383	370	1
0	370	1
370	384	1
370	70	1
75	370	1
78	370	1
370	385	1
370	386	1
370	83	1
370	387	1
370	388	1
94	370	1
389	370	1
370	390	1
391	370	1
392	393	1
394	392	1
395	392	1
396	392	1
397	392	1
392	398	1
392	399	1
3	392	1
400	392	1
392	401	1
402	392	1
392	403	1
116	392	1
392	5	1
404	392	1
405	392	1
406	392	1
301	392	1
392	407	1
408	392	1
392	409	1
410	392	1
392	8	1
411	392	1
392	412	1
392	413	1
392	196	1
392	414	1
392	415	1
9	392	1
392	10	1
416	392	1
417	392	1
418	392	1
198	392	1
419	392	1
420	392	1
421	392	1
392	14	1
422	392	1
392	423	1
424	392	1
392	16	1
392	17	1
425	392	1
426	392	1
392	427	1
428	392	1
392	429	1
392	430	1
431	392	1
432	392	1
433	392	1
373	392	1
434	392	1
392	23	1
435	392	1
436	392	1
437	392	1
392	438	1
392	25	1
392	439	1
392	28	1
440	392	1
392	30	1
392	31	1
392	32	1
441	392	1
392	442	1
33	392	1
443	392	1
444	392	1
445	392	1
392	34	1
392	446	1
234	392	1
173	392	1
447	392	1
448	392	1
392	449	1
450	392	1
451	392	1
392	452	1
453	392	1
38	392	1
39	392	1
392	118	1
392	454	1
392	455	1
456	392	1
457	392	1
42	392	1
282	392	1
458	392	1
392	149	1
46	392	1
459	392	1
392	460	1
48	392	1
461	392	1
462	392	1
392	463	1
392	464	1
392	465	1
466	392	1
467	392	1
392	54	1
468	392	1
392	469	1
392	470	1
185	392	1
471	392	1
472	392	1
473	392	1
474	392	1
392	475	1
392	476	1
477	392	1
478	392	1
392	61	1
392	479	1
392	63	1
480	392	1
481	392	1
392	482	1
392	273	1
483	392	1
382	392	1
484	392	1
485	392	1
392	486	1
392	487	1
392	488	1
392	127	1
392	489	1
490	392	1
150	392	1
491	392	1
70	392	1
392	492	1
493	392	1
392	494	1
392	495	1
496	392	1
497	392	1
392	75	1
392	498	1
392	499	1
392	500	1
392	501	1
392	502	1
392	78	1
392	503	1
392	504	1
392	505	1
392	506	1
392	82	1
392	507	1
508	392	1
392	83	1
392	85	1
392	509	1
392	87	1
392	510	1
392	88	1
392	511	1
90	392	1
392	512	1
392	513	1
392	91	1
514	392	1
392	93	1
392	94	1
515	392	1
145	392	1
392	96	1
392	516	1
392	517	1
97	392	1
392	518	1
392	519	1
520	392	1
100	392	1
392	521	1
392	101	1
366	522	1
523	522	1
524	525	1
525	126	1
526	525	1
525	346	1
525	527	1
525	143	1
525	528	1
525	74	1
529	525	1
525	530	1
525	101	1
531	532	1
533	534	1
533	535	1
533	536	1
537	533	1
533	538	1
539	533	1
533	540	1
541	533	1
147	533	1
504	533	1
530	533	1
542	543	1
544	543	1
545	546	1
546	122	1
546	547	1
548	546	1
549	546	1
550	546	1
546	551	1
546	552	1
546	553	1
554	546	1
555	546	1
546	556	1
557	546	1
546	234	1
546	558	1
546	559	1
560	546	1
546	45	1
561	546	1
546	562	1
546	152	1
546	563	1
546	564	1
546	565	1
546	566	1
238	546	1
546	546	1
546	567	1
568	546	1
569	546	1
570	546	1
571	546	1
546	572	1
573	546	1
546	574	1
575	576	1
576	577	1
578	576	1
579	576	1
580	581	1
147	582	1
583	584	1
583	585	1
583	586	1
583	587	1
147	583	1
583	514	1
588	589	1
590	401	1
591	590	1
590	522	1
590	590	1
592	593	1
593	46	1
593	147	1
594	595	1
594	596	1
597	598	1
599	600	1
108	599	1
599	601	1
592	599	1
602	599	1
599	603	1
604	599	1
599	605	1
606	599	1
607	599	1
249	608	1
609	608	1
610	611	1
610	612	1
613	614	1
613	165	1
613	615	1
616	617	1
616	486	1
235	618	1
240	618	1
401	619	1
620	619	1
204	619	1
619	439	1
185	619	1
621	619	1
273	619	1
619	622	1
521	619	1
623	624	1
147	624	1
513	624	1
625	626	1
625	627	1
625	163	1
198	625	1
625	422	1
628	625	1
28	625	1
629	625	1
150	625	1
625	148	1
625	630	1
631	250	1
631	632	1
633	631	1
634	635	1
636	637	1
638	420	1
639	638	1
638	537	1
638	640	1
641	638	1
74	638	1
642	643	1
643	170	1
439	643	1
644	643	1
645	643	1
646	396	1
646	647	1
646	648	1
646	649	1
650	646	1
646	57	1
651	646	1
652	646	1
653	654	1
655	654	1
654	656	1
657	654	1
654	658	1
659	654	1
166	654	1
654	660	1
654	661	1
662	654	1
654	663	1
664	665	1
666	664	1
667	108	1
668	542	1
669	198	1
670	669	1
671	672	1
673	674	1
675	676	1
677	676	1
676	507	1
678	409	1
48	678	1
678	679	1
617	678	1
54	678	1
136	678	1
680	678	1
678	88	1
90	678	1
681	678	1
152	682	1
682	683	1
684	54	1
684	185	1
156	685	1
639	686	1
686	687	1
688	686	1
109	686	1
689	686	1
690	691	1
692	691	1
693	691	1
691	694	1
691	53	1
691	695	1
691	691	1
691	696	1
697	698	1
697	699	1
697	74	1
700	701	1
702	701	1
152	701	1
703	701	1
704	396	1
705	704	1
619	704	1
706	707	1
420	707	1
707	708	1
709	707	1
710	707	1
707	711	1
712	707	1
707	713	1
707	714	1
707	715	1
71	707	1
716	717	1
558	716	1
716	718	1
473	716	1
147	719	1
719	507	1
720	719	1
721	722	1
723	721	1
721	724	1
725	721	1
721	726	1
727	721	1
728	721	1
729	721	1
721	730	1
721	731	1
721	732	1
721	429	1
733	721	1
721	734	1
721	735	1
329	721	1
736	721	1
35	721	1
721	234	1
737	721	1
738	721	1
739	721	1
740	721	1
109	721	1
721	741	1
742	721	1
721	743	1
721	744	1
721	745	1
746	721	1
721	747	1
748	721	1
644	721	1
749	721	1
721	750	1
721	751	1
721	752	1
721	753	1
754	721	1
721	755	1
756	721	1
721	120	1
721	77	1
757	721	1
721	758	1
721	759	1
721	760	1
761	721	1
721	762	1
763	721	1
764	721	1
721	765	1
721	766	1
767	721	1
768	156	1
769	768	1
770	771	1
771	771	1
156	772	1
108	758	1
758	109	1
758	104	1
773	774	1
147	775	1
776	775	1
777	147	1
777	94	1
171	778	1
779	778	1
780	778	1
778	781	1
782	783	1
784	783	1
785	643	1
786	787	1
787	788	1
789	787	1
787	790	1
787	791	1
792	787	1
787	793	1
794	795	1
149	794	1
796	794	1
240	794	1
797	798	1
799	800	1
801	800	1
802	800	1
800	803	1
804	198	1
255	804	1
57	804	1
94	804	1
805	806	1
807	805	1
396	808	1
808	122	1
808	809	1
808	248	1
808	810	1
811	808	1
808	108	1
255	808	1
812	808	1
332	808	1
813	808	1
808	486	1
808	814	1
808	808	1
158	808	1
808	815	1
816	808	1
817	818	1
819	820	1
820	156	1
820	821	1
108	820	1
436	820	1
822	820	1
820	823	1
824	820	1
825	820	1
826	820	1
827	820	1
820	828	1
360	820	1
829	820	1
529	820	1
830	820	1
831	820	1
147	832	1
833	260	1
834	260	1
835	260	1
836	260	1
837	838	1
837	839	1
840	841	1
841	842	1
843	844	1
845	843	1
420	846	1
847	848	1
849	850	1
849	851	1
849	852	1
853	854	1
143	853	1
855	853	1
856	853	1
857	858	1
859	857	1
860	861	1
860	862	1
863	864	1
865	863	1
866	863	1
867	863	1
868	863	1
869	863	1
870	863	1
288	863	1
863	871	1
872	863	1
863	873	1
863	874	1
875	876	1
877	878	1
879	880	1
879	565	1
881	108	1
881	523	1
882	881	1
108	883	1
884	883	1
885	725	1
885	886	1
234	885	1
152	885	1
887	888	1
889	440	1
890	891	1
729	890	1
170	890	1
892	890	1
890	893	1
890	894	1
895	890	1
499	896	1
897	90	1
898	899	1
900	901	1
898	901	1
902	903	1
904	902	1
905	902	1
906	902	1
907	908	1
909	907	1
907	910	1
911	907	1
473	907	1
907	912	1
907	88	1
108	913	1
913	914	1
913	592	1
913	283	1
71	913	1
915	913	1
913	815	1
916	917	1
57	918	1
592	919	1
919	920	1
921	159	1
922	921	1
921	161	1
921	245	1
116	921	1
921	923	1
108	921	1
924	921	1
921	230	1
257	921	1
921	611	1
925	921	1
588	921	1
921	926	1
136	921	1
921	927	1
921	928	1
929	921	1
930	921	1
921	82	1
921	630	1
921	931	1
921	932	1
136	588	1
933	934	1
840	108	1
212	840	1
935	840	1
546	840	1
721	936	1
57	937	1
938	939	1
938	513	1
10	940	1
940	941	1
940	150	1
942	943	1
943	944	1
943	945	1
943	946	1
947	943	1
948	943	1
943	949	1
943	950	1
951	943	1
952	943	1
943	953	1
954	943	1
955	943	1
943	956	1
943	957	1
958	943	1
943	959	1
943	960	1
961	943	1
962	943	1
963	943	1
943	964	1
943	965	1
966	943	1
943	967	1
943	968	1
969	943	1
346	943	1
970	943	1
943	971	1
943	972	1
973	943	1
974	943	1
975	943	1
976	943	1
977	978	1
978	979	1
978	980	1
981	982	1
981	983	1
984	981	1
981	674	1
985	981	1
981	986	1
981	987	1
988	981	1
989	981	1
981	990	1
981	991	1
981	992	1
993	981	1
994	981	1
981	995	1
996	981	1
997	981	1
981	304	1
381	981	1
981	998	1
147	981	1
999	981	1
981	1000	1
981	931	1
417	1001	1
1001	54	1
1001	147	1
1002	1002	1
1003	1004	1
1005	1006	1
1007	1008	1
166	1007	1
769	1007	1
181	1007	1
535	1009	1
1010	1009	1
1011	1012	1
1013	1014	1
1015	1014	1
108	1014	1
198	1014	1
1014	1016	1
592	1014	1
271	1014	1
108	1017	1
1018	1019	1
1018	1020	1
1018	108	1
1021	1018	1
200	1018	1
1022	1018	1
1018	1023	1
714	1018	1
1018	147	1
1018	1024	1
1025	108	1
1025	171	1
1026	1027	1
1026	26	1
1028	626	1
11	1028	1
1028	202	1
1028	147	1
1029	981	1
1030	1031	1
809	1030	1
591	1030	1
1030	526	1
1030	440	1
1030	1032	1
1030	826	1
1033	1030	1
1030	68	1
385	1030	1
505	1030	1
198	632	1
255	632	1
632	1034	1
235	632	1
632	57	1
94	632	1
390	632	1
1035	1036	1
255	1035	1
1037	1035	1
1035	57	1
1038	1038	1
922	1039	1
1039	1040	1
1041	1039	1
545	1042	1
1043	1042	1
1042	256	1
1042	166	1
1042	691	1
1044	1042	1
523	1045	1
523	450	1
1046	523	1
523	1047	1
1048	977	1
1048	1049	1
1050	143	1
467	185	1
467	61	1
467	1051	1
892	1052	1
1053	892	1
1054	1055	1
1055	1056	1
158	1055	1
1057	1058	1
108	1058	1
1059	1058	1
54	1060	1
54	398	1
1061	54	1
5	54	1
316	54	1
54	6	1
54	1062	1
54	301	1
183	54	1
1063	54	1
302	54	1
1064	54	1
1016	54	1
425	54	1
54	1065	1
54	1066	1
54	1067	1
1068	54	1
54	374	1
1069	54	1
54	1070	1
1071	54	1
54	1072	1
1073	54	1
54	1074	1
54	558	1
54	611	1
332	54	1
54	1075	1
54	1076	1
54	1077	1
54	175	1
46	54	1
54	1078	1
54	54	1
225	54	1
1079	54	1
1080	54	1
1081	54	1
54	1082	1
1083	54	1
1084	54	1
54	1085	1
54	748	1
273	54	1
54	484	1
54	68	1
1086	54	1
54	1087	1
54	1088	1
1089	54	1
54	1090	1
1091	54	1
1092	54	1
1093	54	1
1094	54	1
1095	54	1
974	54	1
87	54	1
54	1096	1
54	1097	1
1098	54	1
54	1099	1
54	1100	1
54	1101	1
54	519	1
54	1102	1
1103	54	1
54	1104	1
1105	1106	1
1107	1106	1
1108	1106	1
1106	1109	1
1110	1106	1
1106	1111	1
1106	1112	1
1106	1106	1
1113	1106	1
1114	1106	1
238	1106	1
1115	1106	1
1116	1106	1
1106	512	1
1106	1117	1
1106	1118	1
1119	1106	1
1120	1121	1
1032	1122	1
735	1123	1
1123	1124	1
1123	185	1
1123	1125	1
486	1123	1
1123	501	1
240	1123	1
1126	1127	1
1128	1129	1
1130	1131	1
1132	1133	1
1134	1135	1
1136	469	1
469	116	1
1137	469	1
469	469	1
1138	1139	1
1139	1140	1
1141	1139	1
1139	522	1
1139	1142	1
1143	1139	1
1144	1145	1
136	1145	1
1146	1147	1
1148	1146	1
1146	1149	1
1150	1151	1
1152	1153	1
108	1152	1
18	1152	1
1154	1152	1
1152	611	1
332	1152	1
41	1152	1
1152	177	1
1152	1155	1
1152	1156	1
1152	546	1
1152	590	1
1157	1158	1
1157	1159	1
1160	1157	1
1161	1162	1
1161	1163	1
1161	1164	1
1165	1161	1
460	1161	1
1166	1161	1
1161	1167	1
155	1168	1
1169	1168	1
708	1168	1
234	1168	1
216	1168	1
1170	1168	1
1171	1172	1
1173	1172	1
1174	156	1
1175	1176	1
450	1177	1
1177	454	1
1178	1177	1
1179	979	1
1180	1179	1
1179	1181	1
317	1182	1
1112	1182	1
71	1182	1
499	1182	1
869	1183	1
869	1184	1
869	1185	1
869	1186	1
869	1065	1
869	1187	1
869	1068	1
1071	869	1
1188	869	1
1189	869	1
869	562	1
869	152	1
1190	869	1
1191	869	1
869	1192	1
869	166	1
1193	869	1
869	1194	1
869	1195	1
108	1196	1
1196	420	1
1196	1197	1
1198	1196	1
1196	1199	1
1200	1196	1
1196	1201	1
1196	1202	1
1196	242	1
1203	1204	1
880	1204	1
1204	1205	1
1206	152	1
385	1206	1
809	598	1
442	598	1
598	851	1
598	1122	1
598	216	1
74	598	1
598	1207	1
598	93	1
1208	1209	1
1210	1209	1
1209	1211	1
1209	1212	1
1213	1209	1
1214	1215	1
1214	411	1
198	1214	1
1216	1214	1
440	1214	1
1214	1217	1
1214	1214	1
1214	68	1
507	1214	1
1214	242	1
1214	1218	1
1219	1220	1
507	1219	1
1221	1222	1
411	1221	1
1223	1221	1
1221	1224	1
1221	537	1
1225	1221	1
1221	1226	1
1227	1221	1
1221	1228	1
1221	360	1
367	1221	1
1221	1229	1
259	1221	1
1142	1221	1
1221	1230	1
1221	1231	1
1221	1232	1
263	1233	1
1234	1233	1
1235	1233	1
1236	1237	1
48	1236	1
679	1236	1
1236	54	1
1236	106	1
486	1236	1
1236	90	1
1236	95	1
101	1236	1
310	1238	1
799	1239	1
161	1239	1
245	1239	1
1240	1239	1
6	1239	1
1062	1239	1
162	1239	1
1239	1241	1
198	1239	1
553	1239	1
1239	1187	1
1242	1239	1
1239	1071	1
1239	1243	1
1244	1239	1
1220	1239	1
1239	558	1
1239	453	1
1239	332	1
718	1239	1
1239	333	1
282	1239	1
177	1239	1
1239	56	1
1239	1245	1
1239	1246	1
152	1239	1
1239	1239	1
1239	1247	1
1248	1239	1
1239	747	1
1249	1239	1
1239	1004	1
894	1239	1
147	1239	1
1239	546	1
1250	1239	1
166	1239	1
1239	721	1
1251	1239	1
1252	1239	1
1239	513	1
1239	931	1
519	1239	1
1151	1239	1
1253	1239	1
1254	147	1
1254	1255	1
1256	1256	1
244	1257	1
1071	1258	1
332	1258	1
1258	288	1
1258	1259	1
1258	696	1
1260	1004	1
1261	116	1
1261	1262	1
1263	396	1
1263	537	1
1263	1264	1
1265	1263	1
1263	1266	1
152	1263	1
108	1267	1
1268	1269	1
1171	1268	1
1268	1270	1
1268	6	1
1268	1271	1
1268	1272	1
198	1268	1
1268	535	1
1268	989	1
1273	1268	1
1274	1268	1
1268	1275	1
23	1268	1
1268	1276	1
1277	1268	1
1268	1278	1
338	1268	1
1279	1268	1
1268	104	1
1268	131	1
1268	1280	1
1268	1281	1
1282	1268	1
1283	1268	1
1284	1268	1
1285	1268	1
1268	1286	1
1268	505	1
1287	1268	1
1288	1268	1
1289	1268	1
1268	1290	1
94	1268	1
1291	1292	1
1292	108	1
1293	1292	1
1292	1294	1
132	1292	1
1292	287	1
1292	1295	1
1296	1297	1
1296	71	1
1298	1299	1
288	1300	1
33	288	1
1301	1302	1
1301	1303	1
108	1301	1
1301	1304	1
1305	1301	1
1306	1301	1
1307	1301	1
1301	54	1
1023	1301	1
1308	1301	1
147	1301	1
1301	1309	1
1301	1310	1
390	1301	1
1311	108	1
1311	1312	1
1313	927	1
1314	927	1
927	542	1
1315	927	1
1316	542	1
1316	1122	1
1317	1316	1
1318	147	1
1319	1320	1
152	1321	1
562	1322	1
1323	150	1
1323	1324	1
1323	166	1
1325	1323	1
1323	630	1
156	1326	1
1326	420	1
1326	1327	1
1326	1328	1
1326	1329	1
1326	718	1
1330	1326	1
1326	1331	1
159	1332	1
1333	1332	1
161	1332	1
1332	698	1
1332	162	1
1334	1332	1
1332	163	1
1147	1332	1
1332	1335	1
555	1332	1
1332	556	1
1332	1336	1
1332	1337	1
1338	1332	1
1245	1332	1
1332	1239	1
1332	1332	1
1332	380	1
658	1332	1
1339	1332	1
1332	160	1
1332	1340	1
1332	165	1
1250	1332	1
166	1332	1
1332	1341	1
1332	1342	1
1332	630	1
1343	1332	1
1290	1332	1
1344	1332	1
1125	1345	1
1346	1125	1
1185	1347	1
1347	1065	1
23	1347	1
1348	1347	1
112	1347	1
1347	1349	1
1350	1347	1
1347	1351	1
242	1347	1
396	1352	1
1352	1353	1
575	1352	1
1352	1352	1
1352	1354	1
1355	1352	1
1356	1352	1
1352	579	1
1357	106	1
1358	106	1
1359	698	1
1360	1361	1
1362	1361	1
1361	1363	1
1361	1364	1
1365	108	1
1366	1367	1
399	1367	1
401	1367	1
1367	116	1
809	1367	1
1367	6	1
1367	317	1
1367	1368	1
877	1367	1
1367	301	1
415	1367	1
9	1367	1
1369	1367	1
1367	1370	1
1371	1367	1
1372	1367	1
1367	1373	1
1367	1374	1
1375	1367	1
1367	14	1
1367	423	1
1367	1376	1
1377	1367	1
1367	17	1
1367	425	1
1367	1065	1
1367	592	1
432	1367	1
1378	1367	1
1367	1379	1
1367	1380	1
1367	1071	1
329	1367	1
1381	1367	1
1367	1382	1
1367	35	1
1367	234	1
1367	1383	1
1367	649	1
1367	1384	1
1367	1385	1
1367	558	1
1367	1386	1
223	1367	1
1387	1367	1
1388	1367	1
1367	1110	1
1389	1367	1
1390	1367	1
1391	1367	1
45	1367	1
1367	1392	1
1367	1393	1
1394	1367	1
467	1367	1
1395	1367	1
185	1367	1
1367	1396	1
1280	1367	1
1367	1367	1
63	1367	1
1367	747	1
1367	748	1
1367	1004	1
1397	1367	1
1367	68	1
1367	1398	1
1367	1399	1
1400	1367	1
495	1367	1
1367	1401	1
1367	166	1
81	1367	1
1367	82	1
1402	1367	1
856	1367	1
508	1367	1
1367	1403	1
1367	1404	1
1367	1405	1
1406	1367	1
1367	355	1
356	1367	1
1407	1367	1
1367	1408	1
1367	368	1
1367	242	1
1367	848	1
1409	1367	1
1410	1367	1
1367	101	1
1411	1412	1
1413	1412	1
1412	1414	1
1412	1415	1
1416	1412	1
1412	1016	1
1412	171	1
1417	1412	1
1412	1418	1
1412	718	1
53	1412	1
1419	1412	1
1412	1420	1
1421	1412	1
1422	1412	1
1412	1423	1
1412	166	1
1412	1424	1
1412	1425	1
1426	1427	1
1428	63	1
63	116	1
63	317	1
229	63	1
63	8	1
63	411	1
725	63	1
63	1429	1
9	63	1
727	63	1
1430	63	1
63	1372	1
1431	63	1
1416	63	1
63	1432	1
63	425	1
63	1433	1
63	1434	1
432	63	1
63	25	1
63	28	1
63	29	1
31	63	1
63	1022	1
63	32	1
63	1435	1
453	63	1
63	1436	1
332	63	1
63	1110	1
40	63	1
454	63	1
560	63	1
1437	63	1
63	282	1
48	63	1
1438	63	1
1439	63	1
63	1440	1
63	461	1
63	1441	1
63	1442	1
63	136	1
63	1443	1
106	63	1
63	63	1
748	63	1
63	273	1
63	69	1
63	495	1
63	1444	1
63	77	1
63	1445	1
63	1446	1
81	63	1
63	1447	1
63	508	1
63	1448	1
63	1404	1
63	88	1
63	90	1
872	63	1
63	1449	1
93	63	1
63	242	1
848	63	1
63	519	1
100	63	1
1450	63	1
1451	1451	1
152	1452	1
1453	1454	1
1455	1453	1
1456	1453	1
1457	1453	1
1458	1453	1
1459	1453	1
1460	1453	1
108	1461	1
116	1462	1
372	1462	1
1462	653	1
374	1462	1
1462	234	1
1462	1122	1
75	1462	1
1462	289	1
1462	1463	1
204	1464	1
1464	1266	1
1464	166	1
1465	1466	1
1467	1468	1
402	1469	1
116	1469	1
1470	1469	1
142	1469	1
1469	1471	1
1472	1469	1
1469	1473	1
143	1469	1
1474	1469	1
1469	1475	1
1469	145	1
1476	1477	1
1478	1479	1
66	396	1
66	1480	1
66	1481	1
812	66	1
1482	66	1
66	1483	1
911	273	1
1484	273	1
1485	273	1
1486	1487	1
1488	1489	1
1490	611	1
1491	977	1
1491	980	1
1492	1493	1
242	1493	1
393	486	1
545	486	1
486	1494	1
1495	486	1
316	486	1
486	6	1
1062	486	1
1496	486	1
1497	486	1
486	1498	1
486	1499	1
486	1481	1
486	183	1
486	1500	1
486	1372	1
198	486	1
535	486	1
302	486	1
1501	486	1
486	1016	1
426	486	1
486	1502	1
486	1503	1
486	1504	1
430	486	1
486	432	1
1505	486	1
1506	486	1
486	26	1
555	486	1
1071	486	1
1507	486	1
1508	486	1
486	1509	1
35	486	1
1510	486	1
1220	486	1
486	558	1
453	486	1
1511	486	1
559	486	1
1512	486	1
486	454	1
282	486	1
1513	486	1
486	46	1
486	1393	1
675	486	1
1514	486	1
486	56	1
1515	486	1
486	63	1
747	486	1
486	65	1
486	748	1
486	1354	1
486	486	1
1516	486	1
0	486	1
486	68	1
486	930	1
1517	486	1
72	486	1
494	486	1
486	74	1
486	75	1
1518	486	1
1519	486	1
81	486	1
486	1251	1
486	1520	1
1252	486	1
90	486	1
1521	486	1
931	486	1
92	486	1
486	572	1
1522	486	1
181	486	1
1523	486	1
1524	486	1
1525	486	1
486	519	1
1526	486	1
1527	1528	1
1528	1522	1
196	1529	1
1529	1208	1
542	1529	1
182	1529	1
829	1529	1
1529	78	1
1529	85	1
1530	1529	1
1531	732	1
1531	577	1
1531	1042	1
1532	57	1
1533	1532	1
1059	1532	1
402	1534	1
1535	1534	1
1536	404	1
393	0	1
0	395	1
0	1494	1
1537	1538	1
1481	1538	1
1538	108	1
1538	147	1
922	922	1
922	1539	1
1540	922	1
627	922	1
922	163	1
1541	922	1
922	1542	1
922	1543	1
1544	922	1
922	555	1
1545	922	1
1546	922	1
1547	922	1
655	922	1
1548	922	1
1549	922	1
1550	922	1
922	718	1
1551	922	1
922	336	1
1552	922	1
922	53	1
869	922	1
1175	922	1
1323	922	1
922	381	1
150	922	1
922	1553	1
922	1554	1
148	922	1
922	165	1
922	166	1
922	1555	1
1556	922	1
922	630	1
1522	922	1
1557	922	1
100	922	1
1558	1559	1
152	1558	1
1560	994	1
1560	152	1
1561	1561	1
1562	1563	1
1562	1564	1
1562	1350	1
707	1562	1
1428	1565	1
122	1565	1
1566	1565	1
108	1565	1
1565	1567	1
1565	1568	1
1565	1569	1
555	1565	1
206	1565	1
1565	1570	1
1565	281	1
304	1565	1
1565	1571	1
1565	562	1
1572	1565	1
1565	381	1
1565	1573	1
1565	644	1
1565	147	1
85	1565	1
1565	1574	1
1565	1575	1
396	891	1
891	152	1
891	166	1
1576	1577	1
1578	1579	1
1579	171	1
1579	1580	1
228	228	1
183	228	1
228	1161	1
101	228	1
1581	1581	1
1582	1582	1
234	1582	1
1583	1584	1
1585	147	1
1586	1587	1
674	1588	1
1589	397	1
1590	1591	1
399	864	1
1585	399	1
399	1592	1
535	399	1
399	1593	1
399	1510	1
109	399	1
1594	399	1
399	912	1
750	1595	1
1596	122	1
1597	1596	1
186	1596	1
1598	1596	1
1599	1539	1
1539	1600	1
333	1539	1
1539	1601	1
152	1539	1
1539	1602	1
1539	504	1
1539	166	1
1603	1539	1
1604	1605	1
143	1606	1
1607	1608	1
1609	1608	1
1610	1611	1
1612	1610	1
1610	1613	1
1610	548	1
1610	410	1
1614	1610	1
1610	1615	1
1610	1616	1
1617	1610	1
1610	925	1
1610	1618	1
1610	1619	1
1610	1620	1
1621	1610	1
1622	1610	1
120	1610	1
1623	1610	1
1610	529	1
1624	1610	1
1610	1557	1
1610	1625	1
1626	1627	1
68	1626	1
1626	390	1
559	1628	1
212	1628	1
2	514	1
1629	1630	1
411	1630	1
1630	108	1
1630	1631	1
1392	1630	1
1630	542	1
1632	1633	1
1010	1633	1
1634	1633	1
1635	164	1
1636	1635	1
562	1635	1
1635	1212	1
1637	317	1
1638	1637	1
234	1637	1
473	1637	1
1639	1637	1
245	159	1
161	245	1
245	245	1
245	811	1
162	245	1
725	245	1
245	1640	1
1641	245	1
1642	245	1
245	202	1
245	1070	1
555	245	1
1545	245	1
245	954	1
1643	245	1
245	1644	1
245	1645	1
245	1646	1
1458	245	1
1226	245	1
245	1647	1
1245	245	1
245	1648	1
245	1247	1
245	288	1
1332	245	1
245	1649	1
1650	245	1
245	1651	1
1652	245	1
165	245	1
245	74	1
1653	245	1
1250	245	1
1654	245	1
245	1655	1
166	245	1
1656	245	1
630	245	1
245	931	1
245	1557	1
1045	1045	1
1657	1658	1
250	1659	1
122	1660	1
1660	1660	1
1661	1660	1
1660	1164	1
1662	1660	1
1022	1660	1
558	1660	1
1660	1075	1
1663	1660	1
1660	1664	1
57	1660	1
1660	1665	1
1660	1666	1
166	1660	1
1660	390	1
1660	818	1
108	1667	1
1667	1668	1
1667	1669	1
1667	1093	1
798	1667	1
1667	514	1
1670	1670	1
1670	183	1
1670	1671	1
1670	1672	1
1673	1670	1
1670	1674	1
1092	1670	1
1670	1675	1
1676	401	1
449	1676	1
1677	1676	1
1676	68	1
1678	1676	1
169	1679	1
1679	1680	1
1681	1679	1
1362	1679	1
1679	1682	1
1683	1679	1
57	1679	1
360	1679	1
1684	1679	1
1679	1207	1
1685	1679	1
1686	1687	1
1688	1689	1
1690	1689	1
1689	152	1
1689	287	1
1000	1689	1
1298	1305	1
1000	1298	1
945	136	1
1355	945	1
420	1691	1
1691	753	1
1692	977	1
1693	545	1
1693	1694	1
1695	1693	1
1696	1693	1
1693	1697	1
1693	1698	1
1699	1693	1
1693	432	1
1700	1693	1
1417	1693	1
1693	1701	1
1693	1702	1
1693	1703	1
75	1693	1
1693	1704	1
108	1705	1
611	1705	1
1706	1705	1
1707	1705	1
1705	1708	1
1709	851	1
1710	156	1
1710	108	1
535	1710	1
1710	449	1
1710	1711	1
1712	1710	1
242	1710	1
1713	1714	1
1715	1716	1
1717	1718	1
564	1718	1
1718	64	1
1719	1718	1
1517	1718	1
80	1718	1
356	1718	1
1718	874	1
1720	1721	1
1721	1722	1
156	1721	1
1721	198	1
1071	1721	1
172	1721	1
1721	1723	1
1721	1547	1
1724	1721	1
281	1721	1
1721	235	1
1721	1725	1
1721	1726	1
145	1721	1
97	1721	1
1727	1728	1
1729	1727	1
1727	1730	1
1727	1731	1
223	1732	1
1733	1734	1
1734	820	1
1734	1735	1
393	1736	1
1736	301	1
1736	1737	1
1736	1481	1
1736	183	1
1736	302	1
1736	1738	1
1736	1508	1
46	1736	1
529	1736	1
1098	1736	1
661	1736	1
1739	1736	1
1740	1736	1
100	1736	1
1741	514	1
1742	1743	1
6	1744	1
1744	1745	1
1744	553	1
1744	1746	1
1744	1747	1
1744	1748	1
1744	1253	1
1749	152	1
1750	1751	1
1750	1752	1
344	1750	1
659	1750	1
136	1013	1
1753	1754	1
40	1753	1
152	1755	1
1756	1757	1
1757	542	1
1758	1759	1
1758	108	1
1760	1758	1
1758	420	1
653	1758	1
1758	1761	1
1164	1758	1
1762	1758	1
1758	1763	1
109	1758	1
1764	1758	1
104	1758	1
381	1758	1
1758	514	1
1765	1766	1
109	1766	1
1766	1767	1
1768	1766	1
1769	152	1
1770	162	1
57	1770	1
1770	1250	1
295	122	1
295	1771	1
116	295	1
295	979	1
409	295	1
295	295	1
1772	295	1
295	941	1
1773	295	1
332	295	1
1441	295	1
295	1774	1
1181	295	1
1775	295	1
1776	295	1
1777	295	1
295	1686	1
295	516	1
1778	1779	1
1780	1778	1
1510	1781	1
1782	1708	1
1494	1783	1
1783	809	1
1784	1783	1
620	1783	1
1785	1783	1
1783	1786	1
1783	198	1
1787	1783	1
1788	1783	1
1783	1388	1
45	1783	1
694	1783	1
1783	54	1
1783	1789	1
1783	472	1
1783	473	1
68	1783	1
147	1783	1
1783	78	1
240	1783	1
81	1783	1
507	1783	1
1403	1783	1
1783	1790	1
1783	1791	1
1792	1783	1
242	1783	1
491	725	1
1793	412	1
412	420	1
1794	163	1
1794	422	1
28	1794	1
1545	1794	1
1794	150	1
1794	148	1
1795	1796	1
1795	152	1
1797	1798	1
1797	1799	1
1800	920	1
147	1800	1
1801	108	1
74	1801	1
326	1802	1
1803	1802	1
1804	1802	1
1802	452	1
1802	1805	1
1802	927	1
592	1806	1
1806	1124	1
1806	1226	1
1649	1806	1
1806	1807	1
1806	166	1
1806	1808	1
1428	1809	1
1810	1809	1
1811	1809	1
1809	1812	1
1813	1809	1
1814	729	1
1814	1815	1
1814	109	1
1814	894	1
1816	428	1
1817	1817	1
1818	1817	1
1817	147	1
1819	1820	1
1820	1820	1
1820	600	1
428	1820	1
1821	1820	1
1820	104	1
1820	1822	1
1823	1820	1
894	1820	1
546	1820	1
1820	1824	1
841	1820	1
873	1820	1
282	1825	1
486	1825	1
1372	1826	1
1826	1827	1
1826	31	1
1826	185	1
1826	63	1
1826	522	1
1826	166	1
1828	1829	1
1830	1831	1
152	1832	1
1833	1834	1
1835	1833	1
1836	1837	1
1838	1837	1
1837	1839	1
1837	1840	1
1841	1842	1
1842	1843	1
1842	1844	1
1845	1846	1
1847	1846	1
1848	1849	1
1848	108	1
100	1850	1
1851	411	1
1852	1853	1
1854	1852	1
1852	1855	1
1852	1856	1
1857	1858	1
1857	1859	1
25	600	1
1860	1861	1
1862	1863	1
1864	1863	1
1865	1866	1
1867	1866	1
1866	1332	1
1866	1868	1
1869	1870	1
1870	108	1
1870	1071	1
71	1870	1
1059	1870	1
1870	1871	1
156	782	1
782	591	1
1059	782	1
1872	133	1
1873	147	1
1874	1873	1
163	535	1
234	163	1
1875	1876	1
1877	179	1
1878	1879	1
1879	619	1
1880	1881	1
1882	1881	1
1883	1881	1
1881	1884	1
1881	1885	1
1886	1881	1
1881	1887	1
1881	1888	1
1889	1881	1
1881	1890	1
1891	108	1
1892	1893	1
1893	1305	1
1893	1894	1
1895	1893	1
1896	1893	1
1284	1893	1
1893	1897	1
1898	1893	1
1893	873	1
1899	1345	1
1899	161	1
1899	169	1
1899	1305	1
1899	1362	1
1899	1900	1
166	1899	1
1901	1902	1
1903	1829	1
1903	147	1
1904	1904	1
1905	1906	1
1907	1908	1
248	1909	1
1910	1909	1
1911	545	1
1912	1911	1
1911	108	1
420	1911	1
1911	556	1
1911	1417	1
1911	611	1
1913	1911	1
1911	71	1
1911	1914	1
1911	1915	1
1916	1917	1
1822	1917	1
1918	1917	1
1917	74	1
1919	1920	1
1919	1921	1
627	1922	1
1922	1923	1
1128	1922	1
1924	1922	1
1922	1650	1
1922	1925	1
553	1926	1
440	1926	1
1926	1927	1
1926	1928	1
166	1926	1
1926	351	1
513	1926	1
1929	1926	1
1930	1931	1
1932	1930	1
1930	1729	1
1022	1930	1
558	1930	1
1418	1930	1
223	1930	1
1930	1933	1
1934	1930	1
1935	1930	1
752	1930	1
1930	1936	1
1930	1937	1
593	1930	1
1930	1938	1
1930	772	1
352	1930	1
1939	1930	1
1028	1940	1
1941	1582	1
1942	1941	1
1943	1941	1
1944	1941	1
1941	3	1
1945	1941	1
1941	620	1
1849	1941	1
1941	1062	1
1941	1946	1
1941	1947	1
1941	301	1
1941	183	1
1948	1941	1
1949	1941	1
1941	1470	1
1950	1941	1
1951	1941	1
1952	1941	1
1941	302	1
1953	1941	1
1941	1304	1
1954	1941	1
432	1941	1
1955	1941	1
1956	1941	1
1957	1941	1
1958	1941	1
130	1941	1
1959	1941	1
1941	1960	1
1961	1941	1
1941	1962	1
303	1941	1
1941	282	1
1963	1941	1
1941	304	1
1941	1964	1
1078	1941	1
1941	1965	1
1941	1966	1
50	1941	1
1941	1967	1
467	1941	1
1941	54	1
1934	1941	1
1941	1968	1
1941	272	1
1941	344	1
1941	131	1
1941	1969	1
1941	61	1
1941	380	1
1970	1941	1
1941	1971	1
1941	65	1
1941	133	1
1941	68	1
188	1941	1
1972	1941	1
494	1941	1
1941	496	1
1973	1941	1
1941	1974	1
529	1941	1
1941	78	1
1941	1975	1
1941	804	1
1976	1941	1
512	1941	1
1941	1098	1
94	1941	1
1941	1523	1
1941	1977	1
1978	1979	1
1980	1981	1
183	1756	1
1756	617	1
1756	1678	1
14	14	1
14	1982	1
147	14	1
14	1000	1
507	14	1
1732	1983	1
1983	1984	1
1985	1983	1
161	1986	1
1987	1986	1
257	1986	1
1988	1988	1
826	1988	1
542	1988	1
810	1632	1
1632	1632	1
1632	1010	1
1071	1632	1
1632	1989	1
1990	1632	1
1632	1634	1
366	1991	1
1991	1992	1
17	422	1
255	833	1
1993	1994	1
1994	1147	1
1995	1994	1
542	1994	1
1996	1994	1
507	1997	1
1998	279	1
279	1999	1
2000	279	1
279	2001	1
2002	279	1
1355	279	1
1883	1285	1
2003	2004	1
159	1688	1
1688	394	1
2005	1688	1
1688	2006	1
1688	2007	1
2008	1688	1
1688	2009	1
2010	1688	1
1688	2011	1
1688	2012	1
1688	170	1
1688	2013	1
1688	2014	1
1688	2015	1
1688	2016	1
1688	2017	1
2018	1688	1
1688	2019	1
1688	824	1
1688	2020	1
1688	2021	1
854	1688	1
1688	2022	1
2023	1688	1
1688	2024	1
1325	1688	1
1688	2025	1
888	1688	1
2026	1688	1
2027	1688	1
1059	1688	1
2028	1688	1
1688	2029	1
1688	2030	1
1370	2031	1
2031	2032	1
1010	1010	1
1010	370	1
1010	498	1
2033	2033	1
2033	147	1
415	1376	1
1376	1376	1
1376	1387	1
662	1376	1
1259	2034	1
2035	240	1
2013	2036	1
2037	1681	1
1681	1680	1
1681	1360	1
1681	2038	1
2039	1681	1
1681	1362	1
1681	2040	1
1681	360	1
1684	1681	1
1681	571	1
2041	1681	1
1681	2042	1
513	2043	1
2044	2045	1
418	2045	1
2045	1335	1
2046	2045	1
1208	2047	1
1392	2047	1
152	2047	1
2048	2047	1
1151	2047	1
1197	2049	1
2050	2051	1
2051	2052	1
2053	2054	1
2055	2054	1
2054	2056	1
2054	2057	1
2054	222	1
2058	2054	1
843	2054	1
1055	2059	1
2059	1106	1
2059	240	1
2060	2060	1
1993	523	1
1432	166	1
18	2061	1
2062	2061	1
1305	1305	1
1305	70	1
424	317	1
16	424	1
2063	424	1
2064	424	1
424	234	1
2065	2066	1
2067	2068	1
2069	2070	1
2069	2036	1
2071	632	1
2071	1122	1
2072	397	1
13	2072	1
718	2072	1
2073	2072	1
2074	2072	1
2072	63	1
143	2072	1
2072	216	1
68	2072	1
2072	2075	1
523	2076	1
152	2076	1
2076	1151	1
2077	829	1
894	1642	1
1431	2078	1
2078	537	1
2079	2078	1
2080	108	1
644	2080	1
2081	2080	1
2080	94	1
396	2082	1
2082	2083	1
2082	810	1
2082	2084	1
322	2082	1
2082	170	1
2082	614	1
2082	1071	1
2085	2082	1
234	2082	1
2082	611	1
223	2082	1
332	2082	1
1076	2082	1
459	2082	1
2082	53	1
1175	2082	1
2082	2086	1
2082	1323	1
2082	2087	1
2082	165	1
2082	1974	1
166	2082	1
2082	2088	1
2082	2089	1
2082	872	1
2090	2082	1
2091	2092	1
2093	222	1
2094	2095	1
1296	2096	1
748	2097	1
489	2097	1
57	2098	1
2099	2100	1
1664	2099	1
2099	1867	1
2101	2102	1
1093	2101	1
108	2103	1
2104	2103	1
2105	2106	1
2107	2106	1
2108	2109	1
108	2109	1
2109	164	1
2109	420	1
2109	422	1
2109	2110	1
2109	2111	1
204	2109	1
2109	1821	1
2109	611	1
2112	2109	1
2109	1764	1
2109	2113	1
780	2109	1
894	2109	1
2109	1285	1
2114	2109	1
2109	1000	1
2115	2109	1
2116	2109	1
2117	104	1
2117	2118	1
2119	999	1
2120	977	1
2121	1059	1
196	2122	1
2123	2122	1
422	126	1
126	126	1
2124	126	1
126	272	1
126	2125	1
126	2126	1
894	126	1
522	126	1
126	240	1
82	126	1
126	2127	1
108	2039	1
1122	2039	1
1787	2128	1
2128	2129	1
2128	1685	1
990	2130	1
2130	2131	1
2132	2130	1
2133	2130	1
2130	94	1
2134	2135	1
1702	2135	1
2136	2137	1
2138	1241	1
198	2138	1
2138	1244	1
718	2138	1
282	2138	1
2138	894	1
166	2138	1
1943	2139	1
1944	2139	1
3	2139	1
2140	2139	1
1062	2139	1
2139	301	1
2139	414	1
183	2139	1
2139	108	1
2139	198	1
14	2139	1
302	2139	1
2139	2141	1
2139	1380	1
2139	442	1
2139	1958	1
2139	234	1
39	2139	1
2139	282	1
2139	304	1
45	2139	1
2139	48	1
50	2139	1
1514	2139	1
2139	976	1
2139	54	1
57	2139	1
2139	344	1
2001	2139	1
61	2139	1
481	2139	1
2139	65	1
2139	133	1
2139	68	1
148	2139	1
78	2139	1
2139	1093	1
2139	81	1
83	2139	1
512	2139	1
513	2139	1
94	2139	1
2139	2142	1
2139	1523	1
2143	2144	1
152	2145	1
2146	2147	1
14	2148	1
2148	202	1
2149	2148	1
2148	57	1
2148	2150	1
2148	529	1
789	2119	1
789	291	1
2151	2152	1
2153	2154	1
2153	1037	1
2155	2156	1
1122	586	1
2157	57	1
2158	2159	1
2160	2158	1
2161	2162	1
2163	2161	1
250	2164	1
2164	428	1
2164	19	1
2165	2164	1
185	2166	1
420	2167	1
2168	2167	1
2169	2167	1
1305	326	1
326	2170	1
326	2171	1
66	326	1
326	1285	1
326	915	1
372	734	1
1796	2172	1
1248	2172	1
2173	2174	1
2174	2175	1
2176	254	1
2177	2178	1
2178	2179	1
1154	722	1
2180	1154	1
1154	726	1
1154	729	1
2181	1154	1
1154	2033	1
234	1154	1
1154	2182	1
1154	748	1
1154	756	1
2183	1154	1
147	2184	1
2185	371	1
2185	702	1
2185	152	1
2042	2185	1
2186	506	1
2187	2188	1
2189	1198	1
2190	361	1
2191	2192	1
234	2193	1
2194	2195	1
413	2195	1
2196	2195	1
2195	592	1
2195	130	1
2195	2154	1
2195	133	1
2197	2195	1
615	2195	1
2195	289	1
14	2198	1
33	2198	1
234	2198	1
2198	50	1
481	2198	1
2198	1004	1
2198	120	1
529	2198	1
240	2198	1
2198	1925	1
2199	2200	1
2200	2201	1
108	2202	1
2203	1264	1
147	1264	1
1151	2204	1
2205	401	1
116	2205	1
2205	407	1
2205	409	1
595	2205	1
2205	25	1
2205	28	1
71	2205	1
2205	2206	1
2205	2207	1
2205	88	1
1455	482	1
529	2208	1
2209	71	1
1748	2209	1
2210	2181	1
2211	108	1
332	2211	1
2212	2211	1
71	2211	1
2211	2213	1
2214	2211	1
687	14	1
31	687	1
88	687	1
1059	687	1
2215	2215	1
2215	212	1
2215	2216	1
2217	514	1
177	2218	1
592	2219	1
108	2220	1
2221	2220	1
2220	374	1
2220	2222	1
2220	440	1
2220	1547	1
2220	212	1
240	2220	1
2220	2223	1
100	2220	1
2220	579	1
2224	2225	1
2226	2225	1
2225	2227	1
2228	116	1
2229	2228	1
2228	2230	1
2231	2228	1
2228	1004	1
2228	2232	1
2228	150	1
2228	2150	1
2233	1728	1
2234	2233	1
2233	1898	1
2235	2236	1
329	329	1
212	329	1
440	1497	1
2237	440	1
639	440	1
440	170	1
1010	440	1
250	440	1
440	373	1
23	440	1
440	1217	1
440	1724	1
649	440	1
440	2203	1
558	440	1
1110	440	1
440	2238	1
440	148	1
440	2239	1
78	440	1
440	2240	1
440	630	1
2142	440	1
440	242	1
2241	2242	1
2242	1165	1
2242	2243	1
215	2242	1
2242	2244	1
2245	2246	1
2247	2246	1
2246	1678	1
420	2248	1
2248	2249	1
2248	862	1
2250	163	1
2250	1545	1
2250	2251	1
2250	53	1
2250	1266	1
1553	2250	1
166	2250	1
1557	2250	1
639	2252	1
108	2253	1
2253	2254	1
2255	2253	1
1078	2253	1
2256	2253	1
2257	2258	1
2259	2260	1
811	2261	1
2262	2261	1
2263	513	1
122	1723	1
1723	1497	1
1723	249	1
14	1723	1
1723	1632	1
1723	170	1
1723	302	1
1681	1723	1
1723	254	1
1723	2264	1
1110	1723	1
2251	1723	1
1723	2265	1
1723	2266	1
825	1723	1
1723	1014	1
2126	1723	1
1339	1723	1
1723	148	1
1684	1723	1
630	1723	1
254	254	1
254	2112	1
2267	2268	1
2267	183	1
2267	1169	1
2267	2269	1
130	2267	1
2267	790	1
54	2267	1
2267	57	1
272	2267	1
131	2267	1
132	2267	1
133	2267	1
2267	94	1
2270	2271	1
2272	1362	1
2272	1363	1
2273	2274	1
2275	2276	1
2277	14	1
2278	912	1
2279	234	1
2280	2279	1
711	2281	1
381	2281	1
116	2282	1
2282	333	1
2283	302	1
2283	592	1
1068	2283	1
1380	2283	1
210	2283	1
2283	2284	1
467	2283	1
1647	2283	1
185	2283	1
2283	131	1
1971	2283	1
68	2283	1
74	2283	1
2283	529	1
2283	83	1
2283	139	1
1799	2283	1
2283	94	1
108	2285	1
2286	770	1
152	2287	1
57	2288	1
1209	2288	1
2142	2288	1
152	1894	1
1203	2289	1
2290	1203	1
1203	1181	1
1248	1203	1
1799	1203	1
546	2291	1
2292	2293	1
2294	2293	1
170	2293	1
2293	2295	1
2296	2297	1
2298	2299	1
407	2300	1
2300	142	1
2301	2302	1
2303	2301	1
2301	2304	1
2301	1120	1
2301	2305	1
2306	2301	1
152	2307	1
1151	2307	1
1349	2308	1
2309	2310	1
1341	2311	1
1431	2312	1
166	2312	1
2313	2314	1
2314	880	1
143	2314	1
535	2315	1
2315	1512	1
2315	109	1
2316	2315	1
68	2315	1
2315	147	1
2315	2317	1
2318	2315	1
338	2319	1
2319	2320	1
2321	2322	1
2321	2323	1
2321	2125	1
147	2321	1
2321	2324	1
2321	512	1
555	2325	1
2325	2326	1
2327	122	1
2328	2329	1
771	2328	1
2326	2330	1
2331	2330	1
2330	2332	1
1122	2330	1
2333	171	1
2333	2333	1
147	2333	1
1277	1382	1
1382	840	1
104	1382	1
1382	54	1
1382	880	1
1382	74	1
75	1382	1
90	1382	1
242	1382	1
2334	2249	1
122	2249	1
5	2249	1
2335	2249	1
2336	2249	1
1883	2249	1
2249	170	1
2141	2249	1
2249	202	1
2337	2249	1
281	2249	1
2249	304	1
679	2249	1
2249	2338	1
2249	57	1
2339	2249	1
2340	2249	1
380	2249	1
2249	68	1
2249	182	1
2249	2341	1
2249	147	1
2249	75	1
2249	2342	1
1459	2249	1
2249	507	1
2343	2249	1
2344	922	1
1539	2344	1
116	2344	1
1545	2344	1
2344	30	1
54	2344	1
2344	152	1
2344	70	1
2344	1712	1
100	2344	1
609	302	1
2345	609	1
609	171	1
609	609	1
609	1510	1
609	147	1
609	507	1
2346	143	1
2347	2348	1
109	2348	1
57	2348	1
2348	139	1
2349	108	1
2150	2350	1
2036	2351	1
2352	2134	1
2352	2353	1
108	2354	1
234	1171	1
399	234	1
2355	234	1
2356	234	1
234	2357	1
10	234	1
234	2358	1
234	2359	1
2360	234	1
234	2345	1
234	2361	1
2147	234	1
1208	234	1
2362	234	1
2363	234	1
234	2364	1
234	1069	1
2365	234	1
234	33	1
234	234	1
2366	234	1
234	449	1
174	234	1
234	2367	1
2368	234	1
234	45	1
234	109	1
234	1042	1
234	481	1
234	485	1
234	2369	1
2370	234	1
234	2371	1
234	148	1
234	2081	1
2372	234	1
78	234	1
234	385	1
234	1355	1
2373	234	1
2374	234	1
2375	234	1
139	234	1
513	234	1
234	848	1
234	520	1
413	2376	1
2376	2376	1
2377	2378	1
1927	2379	1
1927	553	1
2380	2381	1
2382	295	1
147	2382	1
2382	2383	1
2384	317	1
1376	2384	1
2384	424	1
2255	2384	1
48	2384	1
54	2384	1
2384	78	1
2384	390	1
2384	516	1
674	2385	1
108	2385	1
2385	2386	1
2385	2387	1
2388	2385	1
147	1417	1
575	156	1
2389	575	1
575	1059	1
2390	1384	1
1494	1384	1
1537	1384	1
1384	317	1
1384	1848	1
1384	13	1
1384	2391	1
421	1384	1
1384	17	1
19	1384	1
2392	1384	1
1384	1690	1
1384	1958	1
1384	35	1
2393	1384	1
1384	2394	1
2395	1384	1
44	1384	1
1384	45	1
1384	338	1
1266	1384	1
1527	1384	1
1384	2396	1
1211	1384	1
70	1384	1
1384	74	1
2397	1384	1
1384	2398	1
1384	2399	1
2400	1384	1
1384	1207	1
1384	94	1
2401	108	1
2402	901	1
2403	163	1
1954	2403	1
231	2403	1
679	2403	1
629	2403	1
2404	2403	1
150	2403	1
529	2403	1
2403	2405	1
2403	2406	1
2403	1405	1
2407	2408	1
1701	1701	1
1701	147	1
2409	2410	1
2411	2409	1
2409	909	1
504	2409	1
2412	2413	1
420	2412	1
2412	332	1
2412	1129	1
2412	2414	1
535	2415	1
2415	542	1
2415	2416	1
2417	108	1
2418	198	1
1028	2418	1
2419	2420	1
2421	2422	1
2423	2424	1
2423	2425	1
2423	108	1
2423	2426	1
2423	611	1
711	2423	1
2423	2427	1
2423	133	1
2428	2423	1
14	1388	1
791	2429	1
2430	925	1
2431	400	1
2432	2431	1
2431	2433	1
2434	2431	1
2431	2435	1
2431	2436	1
2437	170	1
2438	2437	1
1112	2437	1
2437	472	1
2437	2439	1
2440	2272	1
2441	1208	1
1662	2441	1
1966	2441	1
75	2441	1
457	2442	1
2443	997	1
397	2444	1
2445	2444	1
2446	2444	1
2444	1799	1
210	542	1
1059	2447	1
156	2448	1
2448	1069	1
1361	2448	1
2448	2449	1
2450	2448	1
57	577	1
577	1352	1
577	2451	1
577	873	1
322	2452	1
2453	2452	1
1765	2454	1
2454	1043	1
108	2454	1
2455	2454	1
2456	2454	1
2454	1984	1
2457	2454	1
611	2454	1
2454	740	1
2454	2458	1
2459	2454	1
2460	183	1
256	2461	1
2461	1762	1
2461	793	1
202	1189	1
2462	2463	1
2464	2465	1
2464	2466	1
2464	2467	1
149	256	1
1964	2468	1
1964	399	1
1637	1964	1
1964	2469	1
2470	1513	1
2471	2472	1
2472	108	1
1071	2472	1
283	2472	1
2472	2236	1
2193	2473	1
2473	2474	1
2475	2476	1
2477	2475	1
2478	1152	1
90	75	1
2479	2480	1
2481	2479	1
526	2482	1
109	2482	1
2483	2482	1
2482	2484	1
94	2482	1
2485	2486	1
183	882	1
882	2487	1
882	1208	1
1036	882	1
882	2193	1
882	2488	1
2489	882	1
2150	882	1
882	882	1
1170	2490	1
2491	122	1
2491	2492	1
2491	2493	1
2491	2494	1
2491	535	1
1276	2491	1
2491	2495	1
256	2491	1
2491	1995	1
2496	2491	1
2497	2491	1
2498	2491	1
2491	1078	1
2491	57	1
2491	486	1
2491	1654	1
2491	2499	1
2491	2256	1
2491	843	1
2491	128	1
93	2491	1
2491	2041	1
922	2500	1
198	2500	1
2500	1545	1
2500	2501	1
2500	1244	1
869	2500	1
150	2500	1
68	2500	1
2500	2502	1
2500	630	1
1331	1477	1
1331	1328	1
170	1331	1
1329	1331	1
1331	1331	1
1802	2503	1
2503	1153	1
2503	420	1
2503	374	1
2503	1071	1
2504	2503	1
185	2503	1
505	2503	1
1792	2503	1
514	2503	1
2505	286	1
286	122	1
698	286	1
286	2506	1
2507	286	1
2508	286	1
286	2509	1
1065	286	1
286	374	1
1379	286	1
28	286	1
2350	286	1
2510	286	1
1018	286	1
286	185	1
286	2511	1
286	565	1
127	286	1
750	286	1
286	147	1
1132	286	1
286	2512	1
2398	286	1
2513	147	1
2514	2515	1
170	2515	1
2515	595	1
2515	1547	1
234	2515	1
2515	333	1
2515	2516	1
2515	1014	1
2515	136	1
2515	2517	1
2518	2515	1
2515	2519	1
2515	2520	1
2521	2515	1
1151	2515	1
2522	1362	1
2523	2524	1
2525	2298	1
108	1726	1
1726	2185	1
2526	1726	1
1726	1657	1
851	1726	1
2527	1726	1
1647	1726	1
2528	1726	1
402	2529	1
2530	1859	1
282	2531	1
1355	2531	1
1356	2531	1
2532	1820	1
2533	2532	1
428	2532	1
2532	2534	1
2532	1824	1
841	2532	1
2532	2535	1
2532	2536	1
2537	2203	1
2537	450	1
2537	454	1
2537	2538	1
2537	522	1
2539	2537	1
1428	2540	1
2541	2540	1
1821	2540	1
1545	2540	1
2540	32	1
256	2540	1
2540	2542	1
2251	2540	1
48	2540	1
338	2540	1
2540	1200	1
2540	629	1
826	2540	1
2540	1023	1
2540	136	1
1332	2540	1
2540	1856	1
63	2540	1
2540	1283	1
2540	0	1
2540	150	1
1090	2540	1
1777	2540	1
2540	2543	1
1574	2540	1
1929	2540	1
1059	2544	1
1163	2545	1
2546	2545	1
2547	316	1
249	2547	1
535	2547	1
2548	2547	1
659	2547	1
2547	216	1
2547	147	1
75	2547	1
2547	2549	1
519	2547	1
2550	2551	1
2550	2552	1
546	815	1
444	2553	1
2554	1839	1
725	2555	1
535	2555	1
2556	2555	1
2557	2555	1
2555	2318	1
1151	2555	1
1364	2558	1
2559	2558	1
2558	1202	1
2560	1059	1
1407	122	1
2561	1407	1
2562	1407	1
108	1407	1
2563	1407	1
2564	1407	1
1407	1069	1
1407	2565	1
1407	851	1
1407	104	1
71	1407	1
1407	2566	1
2567	1407	1
1407	2568	1
2547	1407	1
1929	1407	1
2569	1407	1
196	2570	1
2175	2570	1
202	2570	1
271	2570	1
2571	2570	1
2572	1701	1
2572	2573	1
2572	70	1
2574	729	1
2574	170	1
2574	1208	1
2575	2574	1
2574	851	1
1805	2574	1
2574	147	1
2576	2574	1
868	2090	1
152	2090	1
1557	163	1
555	1557	1
1557	1545	1
1557	655	1
152	1557	1
1557	2577	1
1557	2578	1
1557	166	1
630	1557	1
2359	516	1
516	1930	1
2579	516	1
2580	2270	1
2270	565	1
2270	147	1
2581	235	1
304	2581	1
213	2581	1
344	2581	1
1255	166	1
1255	2115	1
158	1255	1
1522	1255	1
2582	109	1
2582	2414	1
2517	2582	1
139	2582	1
514	2582	1
1122	2583	1
2584	2585	1
2584	2586	1
2587	2584	1
2584	2584	1
2584	1102	1
2588	2588	1
2589	122	1
476	2589	1
2589	2590	1
2589	1420	1
2589	715	1
2591	2592	1
2592	2593	1
2592	650	1
2592	2592	1
2594	1086	1
927	2595	1
112	2596	1
2510	2597	1
2597	2598	1
1864	2597	1
2599	121	1
877	2600	1
1377	2600	1
1671	2600	1
2319	2600	1
2600	558	1
2601	2600	1
2600	1023	1
2602	2600	1
2600	2603	1
2600	2604	1
2600	166	1
2605	2600	1
294	2606	1
294	1454	1
281	294	1
2607	2608	1
985	2609	1
2331	2609	1
2609	2610	1
2609	166	1
2611	925	1
2611	43	1
2612	1328	1
100	674	1
100	1539	1
2613	100	1
2614	100	1
100	2615	1
100	2616	1
100	2617	1
100	198	1
801	100	1
100	2618	1
2045	100	1
1185	100	1
100	1542	1
100	201	1
373	100	1
204	100	1
26	100	1
1011	100	1
100	442	1
100	234	1
100	558	1
100	453	1
718	100	1
100	2251	1
100	282	1
45	100	1
100	48	1
1789	100	1
100	185	1
276	100	1
100	58	1
106	100	1
2619	100	1
813	100	1
2620	100	1
100	68	1
69	100	1
100	894	1
240	100	1
81	100	1
100	2621	1
100	355	1
100	100	1
2622	2623	1
1632	2622	1
1010	2622	1
2622	1634	1
1771	579	1
579	2624	1
579	1497	1
579	183	1
108	579	1
579	1951	1
433	579	1
2625	579	1
1751	579	1
579	212	1
579	57	1
476	579	1
579	2001	1
2626	579	1
2627	579	1
579	579	1
2628	548	1
2628	2629	1
553	2628	1
2628	554	1
555	2628	1
271	2628	1
2628	566	1
2630	2628	1
2631	698	1
2631	14	1
1997	2631	1
234	2631	1
2631	1789	1
150	2631	1
2631	296	1
385	2631	1
85	2631	1
2632	2631	1
2631	2142	1
140	2633	1
140	467	1
140	2634	1
2635	2636	1
2635	1232	1
109	2175	0
166	208	0
716	168	0
970	548	0
835	981	0
481	2424	0
1866	2600	0
1208	1129	0
1332	1382	0
1207	2197	0
160	2113	0
564	1783	0
1331	859	0
40	733	0
1180	54	0
840	2195	0
76	1254	0
108	1941	0
362	985	0
1783	1647	0
2383	71	0
430	1384	0
291	166	0
1768	1565	0
1426	553	0
492	464	0
493	1324	0
274	71	0
1435	68	0
351	1540	0
8	949	0
1268	1527	0
1823	2101	0
1476	268	0
1028	904	0
1352	93	0
523	2018	0
553	1174	0
1071	133	0
485	1268	0
2503	1780	0
1047	546	0
1620	1922	0
291	392	0
1488	2082	0
1448	909	0
779	2221	0
81	2398	0
133	2188	0
413	1600	0
1392	2139	0
63	869	0
422	1301	0
1999	1658	0
1812	486	0
1317	1301	0
57	1505	0
1941	2555	0
1801	542	0
2372	955	0
2075	1376	0
1355	1783	0
22	1463	0
1508	461	0
70	888	0
1037	392	0
921	790	0
1251	687	0
182	1941	0
396	0	0
74	260	0
2452	2071	0
173	1404	0
2333	1077	0
662	1926	0
1738	14	0
532	2093	0
2615	343	0
851	863	0
546	813	0
90	2461	0
1774	910	0
516	380	0
1193	1236	0
1412	1566	0
10	28	0
1024	162	0
1258	946	0
2088	0	0
1802	2410	0
576	1268	0
2228	2600	0
2550	756	0
486	2175	0
2415	392	0
1663	57	0
2311	2404	0
142	108	0
152	922	0
1257	1817	0
486	1376	0
1151	2434	0
787	659	0
407	2002	0
17	2082	0
2540	734	0
171	234	0
649	2414	0
943	1210	0
186	2399	0
152	2592	0
1904	2503	0
882	2441	0
943	584	0
1268	702	0
1143	360	0
53	2482	0
1200	558	0
392	1863	0
1650	2072	0
2079	2515	0
698	1734	0
1932	653	0
1782	1328	0
245	2376	0
974	254	0
996	1071	0
1940	2055	0
1090	793	0
1061	83	0
100	1239	0
460	1721	0
420	499	0
268	2431	0
1681	1941	0
1471	1531	0
2596	1539	0
816	1829	0
305	708	0
2430	656	0
1069	1442	0
498	2198	0
242	331	0
2249	1643	0
482	869	0
568	1504	0
943	1268	0
370	1407	0
1557	292	0
189	1367	0
1766	644	0
486	1443	0
2184	1214	0
74	1239	0
486	1054	0
475	227	0
1497	54	0
2261	1280	0
1806	108	0
56	1390	0
1264	420	0
1689	611	0
2250	1248	0
135	1715	0
1159	1485	0
2043	1783	0
2329	1270	0
1730	2482	0
864	1637	0
117	1296	0
1214	392	0
375	244	0
1470	234	0
1263	0	0
78	425	0
533	963	0
1523	1679	0
392	370	0
286	66	0
1919	578	0
932	1688	0
1483	348	0
169	1765	0
126	844	0
473	150	0
808	2382	0
1468	972	0
871	881	0
486	14	0
1169	510	0
2082	1022	0
1101	2631	0
855	1826	0
1729	677	0
894	1662	0
2349	2537	0
166	767	0
762	619	0
1809	80	0
2437	108	0
2284	147	0
188	63	0
288	587	0
392	936	0
2380	1734	0
1541	166	0
327	617	0
1678	1332	0
1045	1814	0
2478	1688	0
2386	1647	0
1974	1350	0
1941	273	0
1513	1369	0
752	360	0
943	1000	0
2540	1637	0
116	1393	0
63	1486	0
401	497	0
1073	432	0
1326	799	0
1776	58	0
782	1482	0
63	2379	0
619	302	0
2006	301	0
2036	569	0
1415	1456	0
147	2522	0
484	507	0
721	820	0
1802	1239	0
486	240	0
1572	2283	0
2322	1660	0
63	2400	0
2301	1723	0
660	864	0
1994	1921	0
2600	502	0
2082	507	0
2072	234	0
1706	1382	0
161	2331	0
1268	163	0
1102	2209	0
2236	1727	0
645	54	0
166	999	0
981	1736	0
361	782	0
1830	1258	0
725	749	0
302	392	0
553	1071	0
1950	8	0
647	2245	0
101	2196	0
1255	1367	0
66	2185	0
116	355	0
129	245	0
1012	21	0
2472	1132	0
147	1234	0
108	18	0
0	637	0
2135	0	0
74	2	0
577	2516	0
1890	1204	0
100	1464	0
931	1125	0
0	1231	0
643	392	0
2403	393	0
1401	1412	0
725	2480	0
54	938	0
2300	100	0
922	1410	0
2259	1078	0
1318	1192	0
1851	1695	0
467	2575	0
808	689	0
198	1688	0
1758	1057	0
129	2099	0
1682	525	0
159	732	0
457	1834	0
14	249	0
713	1911	0
555	301	0
1522	1367	0
664	1052	0
2186	1767	0
1736	2220	0
763	1852	0
716	1516	0
820	2082	0
2119	1173	0
1739	1146	0
2600	2465	0
606	1059	0
1922	392	0
222	486	0
234	1510	0
1384	546	0
915	1988	0
133	1048	0
1160	278	0
137	1593	0
1688	1829	0
1636	166	0
2368	1018	0
525	847	0
2283	1315	0
54	245	0
2152	54	0
356	449	0
399	902	0
654	2033	0
1408	994	0
301	701	0
1557	1904	0
1051	1681	0
694	185	0
1243	2122	0
901	1123	0
1130	423	0
1681	63	0
1909	2454	0
486	1765	0
392	1566	0
2360	1018	0
97	2205	0
834	1023	0
1559	1949	0
295	1100	0
429	1106	0
2482	392	0
1974	2431	0
2588	486	0
2584	892	0
120	183	0
486	609	0
526	1023	0
2628	2438	0
2183	1681	0
334	1428	0
1562	1714	0
1417	57	0
598	1565	0
2189	932	0
1203	1723	0
1379	609	0
611	106	0
1513	168	0
1673	74	0
244	2220	0
392	667	0
1420	1687	0
245	798	0
1515	2317	0
1538	1729	0
54	1201	0
1384	1161	0
81	609	0
773	194	0
1229	849	0
717	2490	0
234	754	0
54	995	0
392	1834	0
396	881	0
54	937	0
563	620	0
2279	432	0
611	2108	0
2427	1630	0
1846	486	0
1233	2211	0
126	1332	0
32	301	0
817	1935	0
2499	851	0
1175	149	0
1993	2479	0
1166	2291	0
166	2628	0
1691	2542	0
1565	870	0
2444	1808	0
2248	332	0
120	1154	0
2503	107	0
1424	1610	0
1902	1763	0
1675	1209	0
1676	2541	0
137	2076	0
542	1161	0
478	1794	0
2261	2126	0
194	469	0
1671	68	0
286	71	0
1228	1370	0
469	1154	0
1836	1662	0
564	1690	0
244	1968	0
2279	156	0
1106	2084	0
2197	2067	0
1343	832	0
85	772	0
1367	2254	0
2047	66	0
1428	1725	0
70	1367	0
74	2019	0
6	244	0
1701	1941	0
1469	522	0
1783	170	0
1736	1298	0
1926	309	0
466	1930	0
2073	214	0
1740	707	0
598	907	0
873	5	0
1826	2315	0
1610	1178	0
385	212	0
1842	2173	0
1300	943	0
1911	589	0
449	2198	0
2045	2369	0
1750	2153	0
1367	73	0
392	721	0
2534	1519	0
227	1989	0
1998	1124	0
90	669	0
78	152	0
507	1384	0
2454	1263	0
546	1305	0
116	486	0
1310	2472	0
147	1260	0
721	579	0
1301	132	0
1998	406	0
943	2169	0
207	1783	0
1877	1796	0
840	2619	0
1106	424	0
2243	395	0
695	535	0
654	2290	0
108	48	0
1633	1983	0
608	1689	0
641	299	0
646	862	0
156	1985	0
718	1434	0
1941	463	0
2155	1174	0
486	1190	0
2280	1188	0
921	808	0
342	769	0
1448	1255	0
1480	2086	0
2220	848	0
830	108	0
542	1510	0
2112	1285	0
402	3	0
943	2127	0
245	1941	0
94	794	0
234	366	0
121	109	0
283	606	0
1585	1332	0
1376	885	0
147	177	0
396	2395	0
2411	350	0
2294	1435	0
714	610	0
654	48	0
1539	1630	0
1221	1007	0
2003	50	0
579	140	0
2148	2338	0
943	6	0
1913	430	0
787	754	0
1579	1723	0
223	1283	0
790	925	0
2391	0	0
392	163	0
1197	1961	0
2356	240	0
2581	147	0
302	174	0
2323	592	0
2193	287	0
1092	230	0
401	2185	0
1489	14	0
1557	1612	0
1887	571	0
1361	234	0
692	560	0
1785	2281	0
166	1886	0
311	367	0
245	440	0
1244	1080	0
625	1469	0
579	143	0
1367	373	0
2631	316	0
100	74	0
1325	1726	0
1332	1929	0
2339	100	0
2249	2293	0
1071	256	0
553	1462	0
147	1110	0
1639	1347	0
1418	1877	0
979	185	0
966	1407	0
627	1952	0
1568	96	0
1871	516	0
2138	1171	0
322	280	0
1889	514	0
1387	857	0
1280	1941	0
2220	546	0
1941	2133	0
1746	2171	0
1810	604	0
843	2622	0
1865	1688	0
1934	2309	0
1797	228	0
100	721	0
2458	339	0
2315	2385	0
2589	411	0
202	1885	0
1624	1367	0
145	1431	0
2476	2148	0
2384	2387	0
1213	2547	0
595	1619	0
2074	1802	0
1494	1092	0
1500	620	0
1547	295	0
1331	460	0
2454	193	0
2365	638	0
1178	550	0
501	1039	0
617	2456	0
116	278	0
2021	143	0
1646	1880	0
834	194	0
630	2600	0
2477	1005	0
35	1333	0
2047	2292	0
1872	2419	0
535	2279	0
1610	1301	0
2532	1721	0
612	21	0
725	577	0
302	1755	0
19	44	0
2139	678	0
359	244	0
975	2109	0
182	617	0
156	1726	0
620	931	0
392	1367	0
2119	1520	0
2437	282	0
956	1799	0
1030	1602	0
1826	2151	0
667	2176	0
95	2503	0
1930	1693	0
922	1119	0
1827	748	0
1239	1382	0
1157	1608	0
227	2138	0
1070	0	0
2576	922	0
2090	720	0
632	218	0
1701	542	0
943	45	0
2139	144	0
1248	1639	0
2305	272	0
1388	1129	0
781	1044	0
1590	1612	0
860	150	0
1550	2033	0
218	808	0
2138	1881	0
392	676	0
1881	245	0
1429	431	0
1645	1132	0
2059	1610	0
2563	2148	0
217	1301	0
0	333	0
1758	1462	0
2198	1839	0
2083	573	0
1147	1035	0
880	1941	0
1332	1700	0
286	1723	0
594	2621	0
1014	1856	0
1367	455	0
1247	574	0
642	2333	0
1723	583	0
0	2076	0
280	614	0
533	1750	0
1136	570	0
1848	669	0
2083	1494	0
2121	244	0
615	661	0
1411	1161	0
396	712	0
1115	1055	0
0	1112	0
1462	2617	0
1898	905	0
1324	433	0
440	74	0
597	1941	0
1582	249	0
764	678	0
598	2283	0
122	142	0
102	1258	0
207	308	0
1670	2139	0
101	590	0
1722	1042	0
658	1214	0
1685	1069	0
565	1557	0
42	1268	0
945	794	0
748	1151	0
83	869	0
1723	1625	0
579	1239	0
2321	131	0
1226	1632	0
1941	2396	0
2277	1239	0
2354	392	0
442	608	0
1417	2369	0
73	1169	0
1291	1882	0
2409	1898	0
2072	1036	0
2185	1769	0
643	559	0
2109	0	0
392	2139	0
2311	1622	0
2112	463	0
1929	315	0
1221	132	0
1385	546	0
1543	2381	0
147	0	0
2051	24	0
108	1028	0
1941	262	0
456	355	0
1537	1268	0
305	33	0
2205	54	0
486	1928	0
1710	2488	0
1384	1123	0
583	2365	0
751	74	0
1007	163	0
374	1060	0
1589	639	0
583	605	0
1574	269	0
35	1214	0
1235	32	0
1906	94	0
2060	1464	0
1802	2537	0
2220	1693	0
2165	897	0
235	846	0
2249	437	0
2283	1371	0
1899	819	0
2122	166	0
1059	1760	0
31	1977	0
1239	927	0
387	63	0
2147	367	0
1228	1529	0
1699	880	0
54	400	0
397	2354	0
1608	1783	0
1539	2115	0
874	137	0
2307	408	0
1367	102	0
75	2390	0
654	2178	0
139	1089	0
2195	674	0
644	1908	0
619	792	0
2171	1341	0
259	313	0
1004	2213	0
548	234	0
638	921	0
529	1378	0
100	9	0
1384	54	0
1710	63	0
1286	160	0
5	545	0
113	2409	0
2492	1721	0
1437	2580	0
2282	1845	0
90	170	0
1954	624	0
2445	1451	0
566	1384	0
1240	392	0
265	808	0
1333	684	0
444	1941	0
562	1406	0
2487	624	0
2499	2205	0
546	366	0
84	921	0
2187	496	0
26	2427	0
108	54	0
1915	1628	0
678	137	0
2048	63	0
2437	1326	0
619	108	0
179	1780	0
1538	202	0
372	178	0
1723	1852	0
1542	231	0
194	22	0
1268	591	0
1525	285	0
305	1150	0
575	2136	0
106	850	0
546	630	0
1449	1367	0
786	1737	0
1384	943	0
122	2283	0
227	183	0
562	2307	0
2427	256	0
0	1812	0
2491	1941	0
2516	2141	0
185	201	0
271	100	0
377	2255	0
1632	821	0
244	1376	0
1233	183	0
1817	0	0
306	166	0
782	1235	0
2199	432	0
2249	869	0
2597	1497	0
529	370	0
47	60	0
1268	2400	0
913	109	0
2433	245	0
356	386	0
734	2334	0
210	2126	0
1168	1844	0
2528	304	0
1325	1960	0
579	1391	0
1475	729	0
2566	1215	0
526	2059	0
2315	27	0
1042	0	0
2293	1521	0
2348	1123	0
1059	565	0
503	900	0
721	2044	0
392	2289	0
2435	2185	0
1083	108	0
54	1367	0
678	646	0
1367	1239	0
1435	0	0
389	1165	0
931	392	0
545	2540	0
1695	2195	0
1815	2109	0
2041	2132	0
569	1547	0
2178	321	0
968	1417	0
2098	1911	0
1045	2091	0
212	980	0
72	1356	0
1815	467	0
952	2195	0
1327	2263	0
541	1893	0
1338	286	0
2491	1357	0
646	1142	0
913	1343	0
2415	559	0
926	525	0
1685	390	0
63	913	0
294	8	0
712	183	0
401	381	0
1367	2500	0
701	1582	0
546	1462	0
2413	896	0
1421	326	0
16	580	0
1984	1646	0
2272	2350	0
809	123	0
1063	523	0
854	674	0
1578	225	0
941	1628	0
1196	504	0
2202	317	0
465	1231	0
1570	234	0
2343	300	0
2503	1089	0
1875	782	0
840	961	0
598	1795	0
546	675	0
414	537	0
74	2324	0
679	63	0
1567	54	0
921	122	0
1806	1015	0
185	274	0
88	1091	0
2162	1579	0
593	2397	0
1718	486	0
931	2109	0
2570	160	0
2255	2539	0
890	2321	0
323	192	0
1398	596	0
921	535	0
220	2569	0
475	245	0
750	794	0
981	2293	0
276	2375	0
1065	235	0
1359	181	0
1543	194	0
1566	54	0
821	1344	0
1414	1253	0
512	13	0
1596	286	0
860	1062	0
126	1973	0
34	100	0
1059	691	0
171	302	0
921	118	0
1175	2436	0
2592	1326	0
1582	2215	0
268	2250	0
1848	1907	0
234	244	0
1941	558	0
950	1509	0
1196	72	0
1122	1382	0
1323	1151	0
781	245	0
1821	2342	0
150	593	0
545	933	0
1202	1806	0
404	688	0
1956	507	0
2007	1384	0
1688	386	0
2082	721	0
2515	174	0
1227	1167	0
2150	994	0
419	1453	0
628	1987	0
753	1168	0
90	101	0
1380	943	0
2145	2278	0
1165	385	0
2082	1753	0
2228	57	0
2629	1035	0
126	721	0
1124	156	0
729	2249	0
542	2613	0
1393	1820	0
649	2631	0
131	392	0
2444	54	0
1595	70	0
2253	447	0
457	1800	0
0	851	0
2250	853	0
1009	880	0
227	1214	0
63	33	0
227	630	0
316	2086	0
1239	249	0
507	2206	0
1971	1820	0
801	2602	0
48	877	0
1002	778	0
1870	2299	0
2029	1200	0
596	820	0
840	1331	0
750	370	0
1557	390	0
663	927	0
440	1364	0
150	2154	0
453	2571	0
1048	643	0
557	2011	0
362	2169	0
2036	200	0
721	1503	0
2399	2540	0
23	216	0
624	0	0
1233	922	0
194	69	0
2198	1283	0
918	170	0
1736	2034	0
1326	35	0
559	581	0
294	2082	0
100	333	0
392	129	0
2139	546	0
295	1486	0
424	185	0
1123	2040	0
1239	595	0
300	1688	0
854	2308	0
1726	225	0
1218	1941	0
2465	2249	0
872	1238	0
1826	1723	0
1579	193	0
2063	2446	0
1244	1978	0
234	1807	0
198	2096	0
2035	310	0
1095	1347	0
453	1853	0
1090	1980	0
943	1030	0
245	1355	0
777	1308	0
77	392	0
1098	2423	0
94	1881	0
2219	392	0
1154	74	0
679	1636	0
782	1345	0
2345	1836	0
1321	2246	0
244	922	0
907	2066	0
93	1223	0
2612	674	0
2503	1911	0
88	821	0
583	1790	0
1700	200	0
356	28	0
2130	227	0
2384	1941	0
1438	2464	0
2166	194	0
236	1135	0
209	2530	0
877	836	0
1152	482	0
1561	2532	0
1912	1383	0
1613	558	0
57	1826	0
133	1137	0
1399	1236	0
304	1275	0
1196	725	0
1723	176	0
392	1017	0
869	101	0
1332	1459	0
1647	547	0
1555	1755	0
720	1014	0
119	1471	0
122	74	0
1843	2385	0
1748	2085	0
1302	2429	0
1941	2554	0
1068	2015	0
1632	122	0
74	509	0
357	849	0
820	2021	0
2414	2064	0
775	1678	0
114	609	0
1035	424	0
1354	2321	0
57	152	0
0	1332	0
1395	546	0
2167	2403	0
194	1407	0
1108	1757	0
1554	412	0
2172	771	0
1268	440	0
1758	942	0
100	353	0
234	54	0
1976	661	0
730	1603	0
2138	1323	0
2194	686	0
863	1939	0
751	194	0
227	1220	0
317	370	0
2181	2468	0
98	2423	0
352	640	0
895	2335	0
2628	875	0
1031	2138	0
145	2382	0
1136	234	0
1941	1040	0
12	921	0
2573	7	0
74	879	0
1847	635	0
0	2233	0
411	1930	0
2276	2211	0
558	2057	0
708	1331	0
228	1699	0
1080	1542	0
1137	483	0
1295	159	0
1597	1693	0
2442	2588	0
2495	2205	0
63	723	0
492	2547	0
394	1366	0
758	2344	0
1403	847	0
392	2282	0
263	100	0
1532	1479	0
0	1941	0
843	875	0
1705	392	0
981	1998	0
2138	1973	0
514	440	0
198	880	0
1264	869	0
74	2594	0
1532	1184	0
1351	287	0
845	1009	0
504	1833	0
624	1280	0
1282	117	0
1312	1677	0
2096	374	0
2139	2082	0
1214	358	0
108	2450	0
1895	2000	0
1710	810	0
1429	613	0
808	2267	0
2030	1305	0
256	1114	0
1024	1879	0
1142	1922	0
486	212	0
2058	1688	0
356	1783	0
1153	1991	0
1222	731	0
2241	198	0
402	1394	0
818	1384	0
1279	234	0
1004	505	0
2559	1686	0
1796	1821	0
1610	2540	0
2342	2116	0
149	1452	0
74	476	0
1282	718	0
54	1580	0
1863	123	0
1160	546	0
922	1221	0
234	1990	0
546	1208	0
108	2142	0
1994	97	0
2364	1897	0
304	546	0
392	1926	0
1911	997	0
1849	1392	0
2301	1577	0
758	1771	0
514	94	0
995	2358	0
1620	2321	0
1995	273	0
227	595	0
190	1018	0
2200	1122	0
45	1892	0
614	1162	0
2331	1099	0
1139	377	0
1189	151	0
2444	533	0
2453	721	0
109	1848	0
2258	853	0
1851	2280	0
2019	542	0
1414	1899	0
116	2027	0
161	2452	0
136	70	0
185	326	0
183	573	0
75	2488	0
432	295	0
392	1204	0
1910	1409	0
194	1711	0
617	2405	0
31	655	0
460	1705	0
245	2230	0
153	1970	0
659	81	0
379	1723	0
1523	432	0
1292	183	0
74	1864	0
703	1957	0
1943	1842	0
53	316	0
1530	392	0
1239	1826	0
1407	1610	0
768	23	0
1937	2403	0
198	1035	0
1290	1346	0
912	2628	0
290	182	0
1930	0	0
646	541	0
1720	721	0
973	100	0
1488	2054	0
1071	1744	0
1502	923	0
2355	2547	0
2560	1305	0
1498	194	0
862	1784	0
1412	2206	0
1459	565	0
54	921	0
429	153	0
281	1069	0
328	966	0
16	1384	0
245	195	0
1637	1632	0
127	2054	0
1304	100	0
2211	436	0
2504	1258	0
288	2405	0
803	86	0
1759	909	0
1783	676	0
2514	2526	0
2631	392	0
278	1348	0
403	1179	0
203	370	0
933	632	0
57	1269	0
2210	872	0
1493	832	0
488	2150	0
575	78	0
302	1703	0
2110	1684	0
1551	590	0
88	1383	0
1042	409	0
1027	2031	0
1282	940	0
623	917	0
1783	1964	0
655	467	0
14	45	0
2148	2099	0
2608	198	0
849	392	0
74	1941	0
1780	161	0
1389	122	0
787	2256	0
475	1149	0
2215	766	0
1726	523	0
513	2072	0
1196	841	0
1766	139	0
2491	1630	0
1813	370	0
392	711	0
1071	189	0
54	1453	0
1	486	0
19	865	0
815	2366	0
2447	2592	0
2205	820	0
424	1055	0
1510	440	0
63	2080	0
267	295	0
1164	1129	0
108	166	0
925	2524	0
440	1942	0
721	566	0
140	646	0
486	2444	0
546	40	0
1084	212	0
820	2491	0
301	2249	0
1773	1172	0
630	228	0
1	2314	0
1809	1865	0
2134	44	0
1760	892	0
1660	1431	0
943	486	0
510	1479	0
1976	2550	0
1801	1558	0
806	1507	0
1305	2546	0
2534	592	0
139	1367	0
85	2070	0
1621	984	0
827	1007	0
777	948	0
2198	392	0
64	1688	0
486	1316	0
1585	1830	0
2211	611	0
589	2527	0
100	853	0
780	1656	0
619	1809	0
2557	2409	0
1362	244	0
1726	1562	0
90	627	0
2293	2234	0
1196	2467	0
2580	134	0
1285	398	0
1893	486	0
1696	2328	0
2628	775	0
148	147	0
1889	166	0
2540	68	0
1601	25	0
2383	2432	0
1532	1930	0
1106	1780	0
1632	1672	0
1359	882	0
1179	1384	0
1358	1820	0
226	509	0
1951	13	0
57	377	0
1078	504	0
242	721	0
392	1688	0
48	396	0
943	2059	0
2038	392	0
2109	619	0
706	1994	0
1632	863	0
63	2239	0
851	1517	0
678	2204	0
1239	1837	0
1693	166	0
272	234	0
2626	413	0
943	830	0
954	1081	0
1565	2151	0
1134	250	0
669	1124	0
445	1058	0
715	523	0
1122	407	0
380	2491	0
2249	2109	0
710	575	0
1094	392	0
561	2050	0
2425	1783	0
1248	2598	0
559	831	0
14	1309	0
507	1660	0
1542	1268	0
1565	0	0
1537	1251	0
427	443	0
698	57	0
2330	2300	0
1361	1029	0
2371	3	0
2319	497	0
486	2085	0
2027	1808	0
1551	1224	0
68	148	0
1654	1523	0
1268	53	0
1736	453	0
2296	2503	0
2545	1600	0
579	1527	0
2402	41	0
1783	1718	0
1024	1363	0
841	392	0
1098	981	0
1824	960	0
2466	100	0
54	590	0
486	1633	0
74	631	0
2130	175	0
2437	1948	0
558	2584	0
2532	808	0
1221	337	0
2198	707	0
1001	255	0
705	1120	0
245	1560	0
1412	1074	0
843	2405	0
599	498	0
944	245	0
1671	2080	0
0	1372	0
129	1219	0
576	2325	0
2572	1879	0
467	245	0
1160	392	0
179	1688	0
120	1527	0
2260	1316	0
733	58	0
57	54	0
11	198	0
592	1384	0
2541	392	0
1718	102	0
1477	57	0
324	1787	0
2038	1636	0
980	1996	0
57	1208	0
992	741	0
287	17	0
1304	108	0
1531	546	0
368	304	0
1493	1247	0
2053	1866	0
1163	1239	0
152	1638	0
440	1106	0
1588	799	0
6	2624	0
941	711	0
1734	522	0
177	2464	0
1963	1250	0
420	573	0
820	1688	0
423	1332	0
546	1596	0
117	2423	0
920	411	0
894	399	0
2082	82	0
63	2420	0
57	1450	0
1466	1575	0
771	2423	0
148	672	0
392	1239	0
2078	869	0
259	922	0
653	2537	0
1946	796	0
55	1033	0
564	2315	0
2031	520	0
510	378	0
558	2344	0
1565	1010	0
1145	2195	0
2187	63	0
264	1146	0
1419	1332	0
1491	940	0
14	1638	0
1793	1263	0
1335	1323	0
1367	165	0
721	1322	0
1082	447	0
1428	2271	0
993	954	0
1367	1205	0
1367	871	0
2214	1497	0
1151	125	0
1106	2249	0
1941	1751	0
284	2139	0
943	1689	0
1354	2192	0
800	61	0
392	2511	0
1031	238	0
1384	1301	0
871	2120	0
1941	148	0
2074	343	0
2242	2301	0
113	1714	0
1941	2348	0
863	227	0
721	188	0
1258	1367	0
415	194	0
1922	893	0
277	1301	0
572	1001	0
808	2272	0
264	1081	0
619	2139	0
486	1783	0
535	1028	0
74	2553	0
935	1111	0
914	2535	0
87	2227	0
1898	74	0
1428	496	0
921	198	0
927	701	0
517	202	0
54	654	0
392	2144	0
2532	1958	0
279	2317	0
552	1610	0
1825	380	0
2250	2537	0
788	1934	0
752	1115	0
1412	721	0
1322	313	0
126	2510	0
634	807	0
726	25	0
183	975	0
1361	1758	0
41	1903	0
784	2139	0
2443	2513	0
50	152	0
820	2611	0
2589	1014	0
553	2572	0
2500	2281	0
2521	227	0
748	1944	0
1269	63	0
392	2100	0
554	377	0
886	318	0
334	2183	0
1372	351	0
480	1565	0
392	1397	0
1783	1996	0
930	1578	0
1347	1670	0
721	302	0
370	945	0
2340	1367	0
632	927	0
1221	0	0
1185	1969	0
278	2301	0
486	1660	0
1412	2320	0
420	2012	0
93	64	0
1954	755	0
136	430	0
231	2140	0
766	1069	0
170	108	0
74	1534	0
1754	2017	0
170	1292	0
2283	1407	0
1783	2560	0
774	1721	0
877	13	0
2319	1059	0
157	167	0
0	1899	0
1809	843	0
1699	499	0
486	2336	0
317	92	0
2303	63	0
604	461	0
1152	2117	0
825	1382	0
2312	234	0
1744	851	0
81	1734	0
173	1536	0
66	1733	0
2047	592	0
1756	1723	0
2500	89	0
2264	2506	0
1704	244	0
418	78	0
2229	2173	0
2330	2244	0
147	2250	0
1709	1415	0
2018	546	0
2492	495	0
939	1214	0
1177	2049	0
1055	1852	0
486	1451	0
1679	958	0
1138	869	0
46	1115	0
1635	1930	0
248	74	0
74	2515	0
2553	964	0
1791	2555	0
1339	500	0
336	2600	0
601	1820	0
2256	1742	0
1440	1481	0
227	1684	0
2602	234	0
94	2351	0
108	399	0
639	1941	0
1404	1679	0
54	1663	0
54	593	0
727	39	0
493	611	0
1760	282	0
461	930	0
575	965	0
1522	359	0
63	1023	0
2158	545	0
1879	166	0
2634	2369	0
1152	1991	0
608	987	0
1441	1005	0
1597	733	0
2007	74	0
720	1640	0
198	589	0
911	212	0
739	1266	0
1462	147	0
1881	286	0
570	1335	0
712	182	0
186	334	0
1449	162	0
481	721	0
1239	2268	0
723	2406	0
1342	1726	0
74	155	0
53	721	0
1745	922	0
739	2300	0
2362	2185	0
1247	54	0
1397	2082	0
422	187	0
509	1893	0
1667	78	0
254	2142	0
1599	2140	0
1087	1870	0
1527	1378	0
1485	922	0
1929	1320	0
2105	463	0
1981	616	0
2209	632	0
729	2250	0
1514	922	0
814	462	0
1006	2635	0
1972	1659	0
1345	2491	0
253	2069	0
1140	2228	0
2274	2036	0
2177	1075	0
1306	1638	0
1148	1059	0
932	382	0
2339	988	0
305	2288	0
1941	2591	0
599	921	0
648	789	0
1512	1753	0
247	164	0
1710	126	0
577	2132	0
1655	1701	0
1588	874	0
2208	1197	0
981	1161	0
1756	2139	0
907	934	0
876	493	0
1264	1327	0
542	298	0
2152	922	0
167	2170	0
1917	1458	0
1106	80	0
2082	680	0
245	676	0
1934	109	0
177	371	0
678	1154	0
2384	2454	0
770	1884	0
152	1261	0
152	1185	0
808	250	0
2203	420	0
409	2211	0
514	2537	0
2531	392	0
1323	1914	0
1630	1239	0
269	961	0
326	2584	0
100	925	0
2483	521	0
1978	2233	0
1049	147	0
981	1221	0
1380	2232	0
150	1557	0
804	273	0
861	206	0
2174	392	0
2322	2199	0
1688	1710	0
361	2286	0
1348	1362	0
663	38	0
2217	1367	0
2013	2010	0
2463	220	0
2212	2228	0
2192	526	0
2416	1557	0
1805	2224	0
2454	1772	0
784	1557	0
122	2592	0
54	286	0
170	242	0
2519	2157	0
239	63	0
820	1964	0
1825	2014	0
254	65	0
2092	1188	0
927	655	0
591	567	0
943	1016	0
922	93	0
54	153	0
2104	756	0
1321	922	0
2150	604	0
2468	163	0
726	31	0
1854	554	0
1896	947	0
1481	1947	0
1870	2174	0
2233	1367	0
1657	433	0
593	554	0
2358	87	0
1013	1024	0
91	63	0
1305	495	0
46	1038	0
108	535	0
1477	577	0
486	598	0
678	0	0
0	2625	0
943	75	0
104	392	0
152	1431	0
2341	719	0
76	1941	0
2290	367	0
1203	864	0
1565	258	0
1820	951	0
317	1721	0
1758	2423	0
1153	1917	0
2033	2460	0
1221	1963	0
1565	2315	0
0	1642	0
108	2105	0
680	1388	0
248	913	0
405	199	0
1094	1493	0
1941	399	0
278	1423	0
1285	265	0
128	2095	0
590	609	0
1983	2532	0
1610	1535	0
0	1206	0
332	986	0
2269	329	0
370	1538	0
907	279	0
1349	643	0
2421	393	0
2600	75	0
873	479	0
145	9	0
143	1187	0
468	2037	0
2373	1062	0
1347	131	0
1177	19	0
721	1433	0
523	2334	0
256	1447	0
1600	721	0
364	392	0
1131	2394	0
1901	1896	0
1711	1559	0
1404	1384	0
1893	2172	0
128	2110	0
2096	732	0
514	305	0
2544	869	0
2314	2138	0
1332	486	0
922	312	0
2423	393	0
1211	147	0
977	68	0
630	1106	0
164	1338	0
702	192	0
1711	1853	0
214	2403	0
1566	1783	0
919	2130	0
2225	513	0
1794	1802	0
1837	2129	0
90	2334	0
635	1873	0
101	1326	0
1718	1879	0
1239	431	0
1688	122	0
82	687	0
370	2283	0
1469	2389	0
808	167	0
1456	420	0
1893	2357	0
162	1530	0
646	1412	0
1817	578	0
839	74	0
1439	392	0
725	978	0
2620	1896	0
11	106	0
289	1154	0
302	2292	0
630	2259	0
720	1367	0
2574	471	0
1045	1833	0
2118	869	0
2131	2148	0
1399	2239	0
1168	1967	0
238	1596	0
1688	88	0
1831	871	0
237	94	0
1832	392	0
195	126	0
294	900	0
1328	1320	0
1596	1473	0
2171	598	0
1108	1590	0
48	2160	0
894	2572	0
54	461	0
1164	609	0
1922	234	0
2523	465	0
2109	1168	0
2333	2237	0
547	147	0
2564	555	0
0	525	0
2142	1430	0
129	1965	0
1647	826	0
1398	2142	0
826	1803	0
2119	101	0
2513	1268	0
2073	74	0
2588	1162	0
1613	2054	0
1367	1557	0
234	678	0
513	370	0
392	27	0
722	2451	0
1618	2461	0
234	1783	0
1019	1334	0
1177	2226	0
1547	2157	0
2436	1332	0
2028	305	0
2038	1926	0
392	1114	0
227	715	0
2218	1710	0
787	245	0
71	1121	0
1529	546	0
1701	100	0
909	0	0
1139	392	0
858	79	0
1182	1384	0
798	399	0
69	2579	0
1373	537	0
1030	1363	0
756	300	0
1400	392	0
1376	472	0
232	1752	0
1254	1805	0
2249	882	0
1721	888	0
977	565	0
245	14	0
1016	295	0
1628	17	0
1589	974	0
2253	2467	0
392	890	0
921	474	0
1962	51	0
264	74	0
579	1640	0
2463	52	0
234	63	0
1146	341	0
1268	108	0
1106	331	0
1018	392	0
2099	2615	0
486	346	0
548	1332	0
1966	1152	0
826	1214	0
2342	1577	0
583	436	0
527	74	0
94	728	0
85	59	0
787	1756	0
2319	2448	0
1649	1367	0
83	1292	0
2462	2628	0
956	1941	0
2099	562	0
143	234	0
1462	54	0
1992	586	0
37	2543	0
1079	1825	0
319	2082	0
1676	1758	0
725	1028	0
486	1239	0
747	49	0
147	2211	0
1427	2408	0
2193	2094	0
1013	1737	0
1941	63	0
1123	704	0
74	575	0
1277	1675	0
1724	2610	0
2286	800	0
514	867	0
392	2257	0
721	2195	0
286	1618	0
45	2419	0
1667	1838	0
2097	771	0
540	721	0
825	1584	0
163	282	0
1610	530	0
100	2521	0
922	70	0
1373	270	0
2266	2267	0
1370	54	0
1007	2625	0
245	25	0
1151	87	0
392	1022	0
2558	1123	0
921	639	0
182	626	0
2285	2014	0
566	158	0
1178	922	0
1878	2593	0
0	2039	0
54	1128	0
546	392	0
3	244	0
2537	1171	0
2159	448	0
1682	920	0
74	1367	0
2047	1783	0
491	1623	0
2583	1416	0
1922	721	0
0	255	0
2540	127	0
1924	1616	0
2623	555	0
621	674	0
546	530	0
2156	2384	0
1087	344	0
1833	390	0
2269	1858	0
520	152	0
2139	1292	0
1693	1965	0
2042	1453	0
1185	392	0
1366	1163	0
746	690	0
242	2567	0
1807	612	0
1093	2502	0
857	647	0
2407	63	0
68	1362	0
1008	392	0
1382	234	0
529	586	0
1656	74	0
796	198	0
652	925	0
806	234	0
109	171	0
2387	2329	0
516	1592	0
392	1250	0
283	2141	0
1783	2574	0
790	2463	0
0	405	0
611	618	0
430	2308	0
611	2513	0
1220	977	0
100	604	0
0	1846	0
392	2344	0
922	392	0
2118	572	0
2143	1014	0
281	152	0
811	766	0
316	1003	0
2252	2364	0
54	23	0
840	1766	0
2403	579	0
2249	1685	0
1459	822	0
519	2531	0
121	844	0
1335	2491	0
147	1367	0
1610	579	0
541	329	0
1284	463	0
817	487	0
440	366	0
1836	392	0
2470	2394	0
721	289	0
122	2464	0
2069	1889	0
234	759	0
1296	913	0
1629	810	0
922	1367	0
2431	0	0
539	392	0
798	142	0
1667	1456	0
2082	1221	0
172	279	0
1697	1688	0
1709	632	0
1133	108	0
204	143	0
1173	392	0
1411	1884	0
1367	296	0
1539	981	0
2113	199	0
1736	147	0
1726	2549	0
2023	244	0
1581	1642	0
994	413	0
2109	1088	0
1739	739	0
395	2139	0
528	2251	0
1650	2178	0
2257	2582	0
265	2542	0
2312	2299	0
291	855	0
873	537	0
1412	136	0
1686	1919	0
234	254	0
1403	1936	0
1384	396	0
1287	1627	0
1794	1154	0
2109	797	0
1947	2193	0
885	721	0
392	2231	0
2249	2314	0
953	995	0
124	1170	0
2315	167	0
2220	1611	0
1666	54	0
150	136	0
426	32	0
477	1044	0
769	100	0
1568	1941	0
533	783	0
1197	0	0
2554	1355	0
2195	1523	0
922	849	0
721	905	0
619	54	0
244	1871	0
2552	681	0
1402	204	0
392	1364	0
371	700	0
683	2045	0
1304	2082	0
922	2269	0
1247	1290	0
1219	643	0
1597	600	0
2220	234	0
282	396	0
1412	163	0
1737	2437	0
804	2051	0
1632	2189	0
160	1110	0
43	2270	0
1506	1144	0
151	122	0
211	899	0
462	2427	0
2002	14	0
1714	229	0
2049	0	0
1807	1728	0
165	516	0
372	147	0
1667	979	0
2253	774	0
1347	2491	0
234	2165	0
548	1290	0
420	2220	0
1510	2509	0
977	2489	0
1277	234	0
1519	2454	0
245	2168	0
2015	1606	0
286	1220	0
1162	1245	0
156	392	0
1332	2203	0
76	380	0
2283	2586	0
1099	2582	0
1190	74	0
581	1468	0
1384	856	0
625	1018	0
278	392	0
1123	852	0
2139	1128	0
1239	17	0
903	2211	0
0	1662	0
442	1932	0
2337	1786	0
1010	63	0
1411	150	0
943	1457	0
2239	2332	0
1190	922	0
598	392	0
411	116	0
2319	1688	0
392	1251	0
2101	234	0
136	1134	0
431	2532	0
1337	786	0
746	2045	0
2341	440	0
1618	1326	0
431	234	0
1019	2022	0
214	1117	0
2082	2352	0
1784	1260	0
170	1182	0
1203	63	0
921	1744	0
100	260	0
392	1660	0
1603	2001	0
100	1000	0
1930	2124	0
175	109	0
570	824	0
1214	54	0
1846	207	0
636	38	0
440	1993	0
1630	2382	0
1199	1239	0
745	891	0
1961	90	0
1586	603	0
557	2005	0
1908	853	0
1783	2482	0
1131	1133	0
409	1866	0
959	721	0
0	1964	0
1824	1198	0
690	0	0
1164	2159	0
2478	319	0
672	1903	0
2491	370	0
2448	1141	0
2511	2139	0
1455	1059	0
1159	147	0
533	2028	0
820	0	0
254	506	0
485	65	0
1241	1311	0
999	2488	0
448	234	0
1927	392	0
1441	2109	0
2105	131	0
1782	480	0
50	913	0
1239	1051	0
2315	1239	0
921	1986	0
1659	2441	0
721	282	0
2090	943	0
370	1177	0
54	1688	0
392	2249	0
2075	2003	0
107	2270	0
697	2363	0
982	546	0
1930	63	0
2437	2301	0
0	2191	0
1256	326	0
1699	891	0
1085	2267	0
295	2062	0
731	644	0
108	2453	0
1179	63	0
694	1541	0
1736	498	0
1649	1010	0
1913	846	0
614	1367	0
1150	2238	0
1373	1029	0
1758	2415	0
1618	2263	0
2388	2288	0
1038	1983	0
217	907	0
546	23	0
2587	2403	0
1484	1547	0
707	625	0
1117	399	0
216	94	0
908	553	0
2384	2547	0
234	11	0
2498	2454	0
78	1997	0
440	1200	0
1640	1311	0
1876	1911	0
1688	2321	0
1293	529	0
2139	1367	0
1630	1931	0
532	679	0
1028	2139	0
240	1276	0
1877	1209	0
258	147	0
75	376	0
2294	74	0
440	268	0
1678	53	0
1231	252	0
46	1036	0
63	268	0
789	306	0
392	172	0
150	104	0
373	1607	0
1538	1182	0
2578	809	0
624	828	0
392	1958	0
1314	1360	0
1367	1221	0
278	1039	0
2540	37	0
1693	721	0
1621	1499	0
707	1670	0
2045	1608	0
1182	507	0
392	1899	0
2503	2593	0
2283	1897	0
2011	1194	0
513	1367	0
654	230	0
707	329	0
1042	950	0
314	623	0
346	265	0
1414	2403	0
417	1367	0
254	2081	0
454	638	0
611	2632	0
429	2252	0
1628	2606	0
1305	701	0
2428	922	0
1783	1708	0
63	2482	0
848	535	0
909	464	0
863	365	0
734	654	0
2547	392	0
223	392	0
718	90	0
2330	1106	0
890	2585	0
2302	1464	0
2078	1811	0
150	1152	0
1059	1197	0
194	1721	0
543	833	0
250	744	0
2179	1960	0
1721	1802	0
248	250	0
486	1626	0
1574	829	0
641	1453	0
1382	1890	0
2442	181	0
1711	1634	0
715	2298	0
481	760	0
63	1168	0
1821	493	0
1339	838	0
0	710	0
1212	657	0
1718	70	0
826	1025	0
1197	546	0
2491	1620	0
1936	2597	0
1926	1614	0
2493	1202	0
491	1000	0
2431	856	0
2042	798	0
195	123	0
485	1938	0
95	246	0
48	1085	0
1151	1367	0
1634	1209	0
2513	2164	0
1761	2452	0
579	1670	0
1184	907	0
1681	1189	0
404	2115	0
235	291	0
177	12	0
1819	1443	0
234	1770	0
1700	1412	0
2128	1728	0
301	2441	0
340	1957	0
1040	2415	0
109	1874	0
154	1573	0
841	1367	0
89	2540	0
1801	97	0
108	459	0
2358	698	0
525	802	0
706	119	0
2172	1018	0
116	1332	0
847	108	0
502	453	0
1254	2549	0
1820	1421	0
94	508	0
147	100	0
1367	2188	0
1093	775	0
68	2412	0
85	2057	0
1685	339	0
255	484	0
1167	0	0
2022	1857	0
2173	1828	0
696	489	0
1381	839	0
2455	965	0
392	1425	0
1221	558	0
1609	2318	0
629	1453	0
1186	915	0
1928	300	0
2454	1637	0
1162	751	0
1993	152	0
616	1089	0
873	40	0
1292	1122	0
212	834	0
1692	1434	0
632	2203	0
194	1161	0
144	894	0
0	863	0
955	2586	0
1305	559	0
1542	1332	0
1533	2554	0
634	555	0
582	40	0
1674	372	0
1911	691	0
86	649	0
2286	862	0
525	2164	0
68	995	0
399	480	0
1033	89	0
399	1219	0
1442	1670	0
2629	976	0
1893	234	0
2558	921	0
2132	1941	0
872	167	0
2373	934	0
2117	1355	0
2570	839	0
421	216	0
196	2478	0
459	970	0
2109	2080	0
1214	225	0
2262	279	0
2249	242	0
494	514	0
147	1046	0
470	1075	0
1868	166	0
1147	1162	0
1252	108	0
1367	333	0
558	941	0
63	444	0
1298	2028	0
802	1545	0
83	2206	0
1410	2042	0
869	194	0
902	152	0
2	360	0
310	2515	0
369	1856	0
2529	2273	0
126	557	0
1718	156	0
166	1011	0
1986	779	0
1909	533	0
1562	2599	0
1364	20	0
1239	2403	0
2078	1524	0
29	286	0
2412	1634	0
1100	1332	0
486	370	0
914	1435	0
283	921	0
905	800	0
914	295	0
1723	762	0
1806	1580	0
141	1565	0
392	1900	0
82	825	0
168	100	0
1554	898	0
245	1367	0
2109	2587	0
1798	1367	0
2139	165	0
965	815	0
1495	1268	0
2306	1017	0
2249	1759	0
68	67	0
88	922	0
490	907	0
2097	152	0
1710	140	0
1501	852	0
2403	928	0
1997	295	0
1905	661	0
1269	1035	0
166	1073	0
1669	336	0
718	696	0
2486	1407	0
1619	381	0
282	1060	0
156	2046	0
1941	2433	0
150	1688	0
392	818	0
869	579	0
2538	506	0
1926	2553	0
1984	1631	0
542	226	0
219	738	0
1668	281	0
31	1860	0
2016	440	0
96	1294	0
308	2385	0
486	1472	0
2200	2072	0
1783	438	0
392	2560	0
1239	2567	0
519	922	0
385	147	0
1693	546	0
2510	2391	0
54	2471	0
455	2614	0
361	1195	0
2146	2368	0
1549	2267	0
1716	782	0
1912	231	0
1511	48	0
662	2081	0
2321	545	0
1296	322	0
1754	2515	0
1985	1776	0
599	111	0
370	2492	0
1050	97	0
2630	189	0
286	1349	0
1809	1104	0
194	585	0
1332	2054	0
2210	1163	0
613	94	0
2524	902	0
2601	147	0
347	2295	0
1712	1774	0
504	1367	0
191	194	0
467	2574	0
2412	1051	0
63	1637	0
112	392	0
2066	1435	0
1688	1254	0
183	1948	0
304	362	0
989	0	0
388	2003	0
1121	295	0
45	2491	0
212	1713	0
1550	1904	0
2462	1800	0
2103	652	0
14	978	0
7	1098	0
74	392	0
1110	492	0
1529	927	0
1162	2248	0
1932	1412	0
535	2020	0
915	211	0
1211	374	0
691	1362	0
131	227	0
1086	486	0
1397	234	0
512	1856	0
2457	332	0
1701	1384	0
1797	1677	0
130	1384	0
1041	163	0
1071	2485	0
498	481	0
537	1231	0
1694	863	0
2043	255	0
842	74	0
1893	2433	0
1517	450	0
523	376	0
140	1986	0
1681	2390	0
133	2508	0
486	1465	0
249	2631	0
1581	1376	0
2326	447	0
1610	2226	0
2454	601	0
26	921	0
1597	957	0
2109	930	0
166	33	0
1187	2261	0
338	1256	0
2103	869	0
85	1037	0
2515	185	0
1469	127	0
813	2610	0
54	2077	0
241	905	0
2187	1279	0
1023	1322	0
1537	86	0
2088	1151	0
1214	2452	0
1384	370	0
27	197	0
1171	485	0
1209	393	0
1819	507	0
222	1018	0
1949	245	0
1836	519	0
412	1014	0
808	1799	0
946	891	0
1814	2054	0
20	2074	0
392	1558	0
1273	869	0
156	721	0
981	600	0
63	721	0
990	2084	0
11	772	0
989	486	0
1341	1568	0
416	240	0
546	126	0
1407	1707	0
1705	2302	0
1407	1909	0
737	2456	0
980	180	0
535	106	0
842	869	0
1708	368	0
256	1214	0
514	162	0
1980	2609	0
1839	1268	0
489	1591	0
1226	2153	0
1688	428	0
2505	2413	0
390	1352	0
1916	109	0
2454	735	0
1412	2144	0
2491	921	0
2454	392	0
74	777	0
830	75	0
1827	810	0
1826	2503	0
1175	1883	0
1893	588	0
1285	1867	0
1565	100	0
1718	152	0
2121	764	0
1210	1065	0
1377	1347	0
1997	287	0
1046	521	0
2398	2613	0
279	2267	0
428	54	0
120	1941	0
392	1765	0
2403	505	0
1232	1553	0
2249	155	0
2174	188	0
1000	1027	0
1341	983	0
562	2595	0
1484	1348	0
2198	422	0
1221	569	0
294	1145	0
2105	2592	0
1613	1841	0
981	2006	0
1977	1876	0
1930	1367	0
646	1450	0
2505	2555	0
75	1460	0
1222	1209	0
2258	1137	0
400	1681	0
883	1836	0
553	390	0
2390	2134	0
2394	2137	0
743	2159	0
1941	1150	0
392	1519	0
2518	194	0
1007	2382	0
2595	260	0
300	1219	0
449	186	0
74	1356	0
2568	959	0
1836	632	0
2076	1168	0
2205	1758	0
824	0	0
2125	882	0
1656	293	0
2384	2618	0
33	1086	0
2431	1987	0
1331	851	0
1172	940	0
1367	2110	0
2059	1043	0
839	1367	0
90	650	0
46	525	0
152	2230	0
109	538	0
434	1783	0
909	1311	0
2529	113	0
1382	1245	0
153	2366	0
1242	756	0
1193	555	0
167	68	0
1963	890	0
434	256	0
422	1736	0
2061	1305	0
2139	795	0
1894	2089	0
1106	870	0
63	2161	0
351	45	0
2026	255	0
1750	1220	0
947	150	0
178	294	0
1445	924	0
929	721	0
370	1276	0
459	1832	0
808	316	0
1367	341	0
1504	1679	0
202	58	0
2026	2305	0
169	1967	0
920	1563	0
2196	551	0
981	519	0
2544	392	0
2272	303	0
633	2459	0
500	768	0
1219	279	0
1716	841	0
1367	2601	0
192	243	0
922	329	0
198	215	0
1773	260	0
837	2329	0
1688	63	0
288	1729	0
945	1385	0
834	1071	0
1239	2381	0
473	617	0
2280	811	0
1918	1563	0
615	392	0
1367	1453	0
148	1255	0
2603	2254	0
486	1081	0
1723	916	0
1666	971	0
1967	1773	0
2385	1411	0
428	787	0
116	2013	0
1152	1147	0
272	1721	0
1550	234	0
129	1539	0
410	167	0
1934	108	0
0	1432	0
63	909	0
2555	1202	0
392	1351	0
1070	1521	0
2344	1602	0
1771	546	0
1020	392	0
54	1373	0
1036	422	0
462	1850	0
2582	2432	0
1280	2341	0
2019	486	0
1416	869	0
1854	2349	0
137	813	0
2034	1770	0
1122	1367	0
183	800	0
2313	784	0
165	530	0
1927	36	0
1579	999	0
2317	1654	0
2547	1115	0
899	286	0
392	2609	0
1818	1797	0
1113	599	0
210	1601	0
1030	0	0
94	1129	0
88	100	0
318	0	0
2515	880	0
638	132	0
1497	868	0
1650	2431	0
1292	429	0
2184	2050	0
1014	486	0
2005	2597	0
156	504	0
1040	729	0
467	1895	0
1241	57	0
262	1332	0
931	976	0
1323	352	0
1316	592	0
152	1420	0
390	597	0
54	1726	0
2001	67	0
1800	1211	0
1095	1015	0
1758	2177	0
329	1301	0
519	355	0
1879	2202	0
1162	204	0
212	601	0
579	1977	0
392	962	0
466	1891	0
1367	370	0
1296	2190	0
911	740	0
554	840	0
303	19	0
560	1624	0
622	276	0
68	1175	0
271	1367	0
35	1331	0
941	1112	0
2166	1885	0
654	2122	0
526	569	0
183	534	0
1395	1973	0
1042	28	0
1529	1076	0
529	1160	0
2469	202	0
1332	392	0
113	522	0
255	78	0
1966	126	0
213	1271	0
1431	625	0
193	1126	0
1170	2623	0
1531	338	0
1180	1539	0
158	171	0
2242	1886	0
100	1251	0
1614	392	0
1142	1183	0
54	2618	0
1023	2574	0
604	541	0
304	785	0
424	2547	0
1236	420	0
440	1167	0
1794	2288	0
1303	1693	0
2064	2491	0
153	2165	0
239	948	0
1469	2277	0
1122	1579	0
893	1436	0
1014	726	0
1683	611	0
297	2395	0
486	1288	0
474	508	0
2209	1332	0
1350	377	0
1239	1525	0
147	1268	0
1912	1551	0
718	699	0
273	29	0
1565	2072	0
981	496	0
1930	385	0
2192	1678	0
4	767	0
2348	2060	0
164	184	0
2466	1474	0
1711	1751	0
63	66	0
2624	392	0
1941	2617	0
943	373	0
1379	1100	0
1736	1633	0
1823	326	0
295	939	0
753	68	0
866	2215	0
1728	1239	0
392	1549	0
2115	1221	0
1332	1412	0
2005	74	0
943	922	0
1736	123	0
499	4	0
553	1660	0
0	957	0
156	1723	0
138	765	0
1660	755	0
543	1285	0
1842	2109	0
63	2564	0
238	1525	0
1266	1239	0
392	2025	0
243	1246	0
97	1118	0
1491	1962	0
156	995	0
392	1877	0
472	0	0
668	1723	0
1693	2080	0
18	2584	0
1116	1236	0
998	295	0
2124	133	0
1788	228	0
533	1332	0
1392	1727	0
2509	2220	0
1102	1602	0
943	1988	0
2139	196	0
1870	1412	0
922	2310	0
2045	1218	0
1920	392	0
305	2472	0
2600	1976	0
2201	508	0
0	2239	0
1333	909	0
2623	1972	0
2491	108	0
2540	2628	0
1912	1351	0
2001	1836	0
2540	893	0
1071	818	0
1375	10	0
486	1343	0
332	880	0
1916	820	0
1467	1152	0
2125	399	0
2085	137	0
777	497	0
480	204	0
333	486	0
116	2419	0
1073	2272	0
1151	384	0
1533	465	0
2082	2035	0
1492	116	0
2441	605	0
1361	195	0
1239	1176	0
1246	1758	0
1548	1792	0
108	2555	0
2439	2570	0
1760	1237	0
144	392	0
227	2082	0
2242	1278	0
2519	2421	0
345	486	0
216	2139	0
1239	896	0
89	1327	0
1030	74	0
646	1941	0
2249	977	0
1923	1610	0
1626	2510	0
68	2472	0
295	385	0
943	1236	0
710	28	0
2022	1393	0
421	709	0
1317	2267	0
1688	1703	0
1099	1849	0
399	126	0
721	1367	0
1723	370	0
2321	1108	0
763	216	0
2438	1374	0
2283	1268	0
1063	535	0
250	823	0
1793	328	0
2540	2091	0
2260	1152	0
2491	1911	0
1660	1852	0
2463	1881	0
848	374	0
1064	2418	0
1012	234	0
1074	1120	0
392	1802	0
1010	1081	0
2341	2347	0
595	922	0
1806	938	0
258	1291	0
1971	833	0
1384	1703	0
2389	469	0
1003	2622	0
392	109	0
194	619	0
2473	1461	0
234	1347	0
117	2109	0
114	100	0
152	392	0
1367	0	0
348	943	0
1239	53	0
140	93	0
922	1773	0
231	2565	0
1127	26	0
507	2627	0
20	2553	0
1671	106	0
687	938	0
170	392	0
1814	1150	0
935	1560	0
1268	224	0
348	699	0
2299	2	0
2525	1518	0
1654	1425	0
2204	2491	0
1203	1376	0
2328	1403	0
1656	194	0
1893	186	0
1528	1951	0
1221	1988	0
1544	1173	0
1406	374	0
2174	678	0
63	2517	0
6	2268	0
702	1612	0
1750	282	0
2447	2598	0
1839	1452	0
1220	295	0
1367	1162	0
522	153	0
2172	2082	0
509	997	0
2532	1702	0
1635	740	0
1265	519	0
373	0	0
1763	2579	0
2006	1372	0
691	69	0
240	2283	0
2250	721	0
1239	2364	0
1757	245	0
2283	305	0
670	1097	0
1026	426	0
18	357	0
883	2494	0
2398	1791	0
2320	2014	0
1239	54	0
585	713	0
347	1002	0
244	1983	0
244	1716	0
1620	1409	0
2586	580	0
243	1565	0
1681	1547	0
2207	1029	0
1301	2391	0
2121	100	0
1131	2488	0
2579	363	0
108	214	0
2594	100	0
2139	244	0
1688	1413	0
49	1010	0
1368	392	0
1818	631	0
2240	1709	0
1494	1422	0
362	983	0
166	1881	0
1367	1106	0
261	1217	0
381	1004	0
520	0	0
1923	1498	0
878	546	0
93	83	0
486	1482	0
721	2409	0
2210	721	0
2540	509	0
518	1367	0
1508	165	0
2410	233	0
1189	108	0
1120	48	0
2109	2520	0
1783	1830	0
302	1960	0
1925	332	0
100	1329	0
2550	1352	0
630	2341	0
805	1199	0
605	1239	0
2128	198	0
1258	1122	0
565	394	0
1626	64	0
1239	2338	0
1568	550	0
536	286	0
2169	2061	0
2238	74	0
1761	234	0
1663	609	0
1841	1239	0
1645	374	0
2131	486	0
414	149	0
392	143	0
2530	257	0
541	631	0
136	643	0
838	1705	0
1032	458	0
1891	1721	0
425	2511	0
981	281	0
96	2082	0
2303	214	0
1019	152	0
648	194	0
2109	185	0
1639	2099	0
2497	904	0
245	4	0
510	40	0
206	1367	0
1881	152	0
1604	486	0
1344	1386	0
397	808	0
1917	635	0
526	1565	0
1785	921	0
855	2494	0
1777	2069	0
1152	889	0
2189	2135	0
1236	1298	0
2584	1581	0
1765	842	0
1416	89	0
1505	1158	0
737	440	0
1930	426	0
2177	1399	0
1545	1088	0
679	2250	0
1281	1748	0
2636	1518	0
1021	1350	0
510	870	0
250	1018	0
1539	1778	0
286	507	0
1314	600	0
1657	1723	0
1281	2059	0
626	925	0
1384	1291	0
2193	2625	0
1883	1557	0
999	1571	0
14	637	0
2249	1195	0
85	2512	0
2130	1347	0
1343	1799	0
1535	1367	0
257	547	0
282	1837	0
2101	2475	0
1732	1802	0
505	2344	0
1557	122	0
463	1220	0
943	432	0
1255	927	0
2009	1681	0
678	1110	0
1185	147	0
1798	469	0
1889	1096	0
27	54	0
327	2547	0
2082	1192	0
162	2376	0
666	63	0
946	2181	0
1585	130	0
758	938	0
2117	2423	0
1553	1764	0
2042	2164	0
392	71	0
51	2605	0
397	1194	0
263	1187	0
161	392	0
1589	1156	0
2246	2555	0
2267	815	0
1056	1367	0
1698	2424	0
1189	2010	0
1292	1441	0
263	813	0
328	1692	0
1516	65	0
1693	638	0
48	14	0
1930	1721	0
370	299	0
1133	2243	0
688	1078	0
2226	632	0
1817	1301	0
1693	1562	0
1676	1641	0
820	222	0
152	63	0
2515	2171	0
810	1441	0
0	1744	0
232	1921	0
1820	506	0
1941	449	0
4	1478	0
1496	841	0
2139	2572	0
1065	2332	0
1409	736	0
1705	68	0
1481	108	0
160	912	0
1691	147	0
2576	896	0
57	275	0
1576	2370	0
1018	469	0
976	2500	0
417	1364	0
108	2344	0
2481	1263	0
2014	23	0
2102	824	0
1059	1803	0
1545	2475	0
425	2322	0
1535	1047	0
1203	2139	0
1667	1786	0
2522	1358	0
30	1282	0
2329	1833	0
2367	111	0
2384	752	0
74	2139	0
2258	1636	0
960	1660	0
1580	1384	0
2019	2553	0
303	332	0
540	473	0
326	1136	0
809	1312	0
2130	2448	0
1352	698	0
196	1942	0
1979	1268	0
2353	673	0
2518	2176	0
844	2474	0
869	61	0
1928	199	0
2114	454	0
167	1108	0
407	0	0
2134	493	0
1829	1834	0
2504	1880	0
1469	2195	0
2291	198	0
133	1477	0
781	1030	0
946	2139	0
2443	75	0
104	1738	0
2119	472	0
2612	1768	0
721	937	0
981	1004	0
227	2283	0
241	1252	0
2031	2024	0
1137	682	0
2122	2166	0
2187	1397	0
240	686	0
1529	1072	0
2319	2058	0
2156	1963	0
1147	820	0
1295	2268	0
1955	1958	0
1326	1860	0
1729	94	0
1660	728	0
251	2242	0
392	1268	0
507	2287	0
1068	2346	0
1332	458	0
513	240	0
2192	556	0
1556	212	0
1723	748	0
1545	234	0
1830	1748	0
964	2481	0
1593	1107	0
1086	228	0
1179	707	0
1696	1562	0
1559	724	0
2588	1797	0
1935	2570	0
2017	533	0
242	248	0
35	1145	0
2018	386	0
1065	63	0
555	121	0
2044	894	0
1885	272	0
392	704	0
711	274	0
1240	831	0
122	1419	0
1418	1303	0
603	2084	0
1055	720	0
1430	1866	0
684	2532	0
1450	1339	0
451	529	0
1006	1110	0
283	1014	0
1042	556	0
68	452	0
438	2156	0
921	2213	0
984	1375	0
166	2285	0
967	0	0
2050	702	0
14	2392	0
2361	2533	0
370	546	0
1565	2589	0
1673	1417	0
1501	1388	0
2039	685	0
1111	2425	0
2041	932	0
1792	279	0
1962	1105	0
2497	2528	0
1332	1747	0
2139	1384	0
1907	1159	0
1004	57	0
954	1246	0
2221	1607	0
1382	1816	0
440	1340	0
0	141	0
1835	576	0
1207	869	0
2139	2023	0
2149	54	0
100	879	0
2540	1565	0
1263	1610	0
1967	401	0
2590	721	0
1971	1264	0
2182	1919	0
1010	108	0
130	1828	0
664	159	0
109	579	0
1126	1472	0
876	1477	0
320	428	0
1941	837	0
2458	600	0
1058	2491	0
686	1822	0
317	1078	0
537	74	0
934	950	0
2029	1427	0
83	1724	0
1810	1525	0
1295	2341	0
668	486	0
555	1562	0
2511	579	0
108	2394	0
592	1462	0
2582	2163	0
1381	142	0
627	121	0
1156	392	0
288	818	0
355	1622	0
1124	2494	0
510	1922	0
54	2309	0
310	392	0
630	407	0
1398	0	0
800	25	0
501	1702	0
274	1565	0
384	1837	0
229	1933	0
2012	1352	0
63	865	0
2404	1515	0
859	1923	0
1783	1758	0
392	2075	0
1241	575	0
198	731	0
794	82	0
244	2062	0
901	2102	0
57	210	0
1190	1358	0
169	289	0
2269	2130	0
392	1665	0
336	165	0
751	2236	0
476	43	0
486	2413	0
742	1580	0
392	1947	0
308	13	0
2360	1455	0
8	2400	0
650	125	0
711	2014	0
907	1735	0
2236	345	0
1411	1872	0
122	15	0
1359	301	0
300	2037	0
1679	268	0
840	1820	0
1741	205	0
2225	437	0
894	1693	0
1770	2098	0
1911	1064	0
1276	194	0
1844	740	0
57	574	0
1367	1352	0
2374	472	0
288	118	0
1610	629	0
2077	496	0
2582	2574	0
747	694	0
1283	1332	0
2491	2105	0
1269	108	0
366	602	0
2290	653	0
323	856	0
1400	2477	0
1930	1321	0
81	1727	0
1319	1469	0
1689	2317	0
2242	2216	0
470	750	0
501	711	0
1161	2109	0
439	1739	0
2039	1218	0
2205	2185	0
555	34	0
440	288	0
1883	2073	0
1868	1286	0
1338	1148	0
1454	152	0
2098	2399	0
2359	2635	0
2396	233	0
1782	94	0
1010	1390	0
384	823	0
576	525	0
54	2108	0
2501	57	0
2515	0	0
1506	2348	0
2014	2396	0
479	74	0
546	2540	0
325	1726	0
919	1207	0
325	14	0
79	58	0
88	1719	0
2330	821	0
910	629	0
721	1530	0
234	1384	0
2307	242	0
83	2041	0
360	1305	0
17	922	0
512	1565	0
170	1941	0
1667	2249	0
885	1568	0
704	682	0
108	1859	0
1889	1941	0
2461	2192	0
1261	82	0
2267	2044	0
2154	1467	0
2524	1130	0
1784	1092	0
1324	774	0
768	1501	0
462	2216	0
2175	2491	0
2283	2521	0
770	2106	0
1203	281	0
1744	2208	0
996	727	0
147	1710	0
542	1496	0
1256	202	0
486	278	0
2238	2225	0
1438	607	0
74	747	0
25	50	0
513	2315	0
61	10	0
1314	2128	0
2167	63	0
392	602	0
913	761	0
945	2581	0
405	454	0
2485	2140	0
740	34	0
945	1831	0
380	1744	0
1970	1201	0
721	215	0
513	1556	0
1680	2552	0
1184	329	0
714	555	0
194	1469	0
1911	2618	0
370	2249	0
2558	1269	0
2590	2034	0
0	2231	0
486	1659	0
1112	902	0
2270	428	0
649	163	0
2292	698	0
2257	75	0
1027	1650	0
2283	1753	0
68	317	0
0	832	0
1529	2564	0
1396	0	0
1325	713	0
1941	1601	0
1881	1789	0
533	71	0
937	2145	0
2548	1762	0
2205	1320	0
733	566	0
584	1304	0
2631	154	0
194	1018	0
1814	2412	0
1192	1937	0
481	74	0
1370	1785	0
2602	2615	0
1741	1018	0
2280	420	0
592	2547	0
366	1062	0
86	1006	0
2139	1219	0
223	562	0
531	684	0
1074	83	0
1878	1301	0
139	1925	0
115	6	0
1190	513	0
326	2104	0
1139	0	0
28	2082	0
54	1445	0
359	868	0
1656	300	0
1217	913	0
1367	1413	0
30	1968	0
2111	161	0
165	2235	0
1453	1229	0
2449	2500	0
1168	1877	0
1409	1678	0
28	842	0
1737	296	0
1341	2456	0
1494	2148	0
719	2537	0
442	1794	0
177	0	0
829	943	0
1274	1215	0
823	1401	0
1179	204	0
2211	105	0
486	122	0
1095	245	0
2175	1009	0
1721	1266	0
1784	319	0
425	36	0
922	486	0
513	2472	0
2394	136	0
354	1089	0
1933	467	0
1059	1494	0
1106	1941	0
2354	1178	0
2084	2154	0
1708	185	0
1300	1953	0
2523	1846	0
1736	1557	0
1171	2459	0
890	0	0
533	2139	0
1239	1604	0
1560	989	0
1375	2002	0
2168	160	0
1239	1165	0
85	869	0
71	1014	0
2278	963	0
1212	666	0
2370	1702	0
2143	1951	0
515	1367	0
291	533	0
619	2624	0
439	691	0
903	63	0
1034	2448	0
2388	958	0