0	1	1
0	2	1
0	3	1
0	4	1
0	5	1
6	0	1
0	7	1
0	8	1
9	0	1
10	0	1
11	0	1
0	12	1
13	0	1
0	14	1
15	0	1
0	16	1
17	0	1
0	18	1
0	19	1
0	20	1
0	21	1
22	0	1
0	23	1
0	24	1
25	0	1
26	0	1
27	0	1
0	28	1
29	0	1
0	30	1
31	0	1
32	0	1
0	33	1
0	34	1
35	0	1
36	0	1
0	37	1
38	0	1
0	39	1
40	0	1
0	41	1
0	42	1
0	43	1
0	44	1
0	45	1
0	46	1
47	0	1
0	48	1
49	0	1
0	50	1
51	0	1
0	52	1
0	53	1
54	0	1
0	55	1
0	56	1
57	0	1
0	58	1
0	59	1
0	60	1
61	0	1
0	62	1
0	63	1
0	64	1
65	0	1
66	0	1
0	67	1
68	0	1
0	69	1
70	0	1
71	0	1
72	0	1
73	0	1
0	74	1
0	75	1
0	76	1
77	0	1
0	78	1
0	79	1
80	0	1
0	81	1
0	82	1
83	0	1
84	0	1
0	85	1
0	86	1
0	87	1
88	0	1
89	0	1
90	0	1
91	0	1
0	92	1
0	93	1
94	0	1
0	95	1
0	96	1
0	97	1
98	0	1
99	0	1
100	0	1
0	101	1
102	103	1
104	102	1
105	106	1
107	108	1
107	109	1
110	111	1
112	113	1
114	115	1
116	117	1
118	117	1
117	109	1
119	120	1
121	122	1
121	121	1
123	124	1
125	126	1
127	125	1
128	125	1
129	130	1
57	129	1
131	129	1
132	129	1
133	129	1
134	129	1
135	136	1
137	138	1
137	139	1
140	137	1
141	142	1
141	143	1
144	141	1
145	141	1
146	147	1
148	149	1
150	148	1
151	152	1
153	154	1
155	153	1
156	153	1
153	157	1
158	153	1
159	160	1
161	160	1
160	162	1
163	160	1
164	160	1
152	160	1
165	160	1
160	166	1
167	168	1
167	169	1
167	170	1
171	167	1
167	172	1
173	167	1
167	174	1
167	175	1
167	176	1
177	167	1
167	178	1
167	179	1
180	167	1
181	167	1
182	183	1
182	184	1
185	182	1
182	182	1
186	187	1
188	57	1
189	190	1
189	191	1
189	192	1
193	194	1
195	194	1
194	196	1
194	197	1
108	194	1
198	194	1
199	194	1
200	194	1
194	201	1
194	202	1
194	203	1
204	194	1
205	194	1
206	194	1
207	194	1
208	194	1
194	209	1
194	210	1
194	211	1
194	212	1
194	213	1
214	194	1
194	215	1
216	194	1
217	194	1
218	194	1
194	219	1
220	194	1
194	221	1
222	223	1
48	222	1
222	100	1
224	225	1
226	224	1
227	228	1
227	122	1
227	229	1
227	230	1
231	227	1
227	232	1
233	227	1
227	234	1
227	235	1
236	227	1
237	227	1
238	227	1
239	227	1
240	227	1
241	227	1
227	242	1
227	97	1
227	101	1
243	244	1
161	244	1
244	245	1
244	246	1
244	247	1
244	248	1
244	249	1
244	250	1
244	251	1
252	244	1
244	253	1
254	244	1
255	244	1
244	256	1
257	244	1
258	244	1
136	244	1
244	259	1
244	260	1
244	261	1
262	263	1
264	204	1
264	265	1
264	266	1
267	264	1
268	269	1
268	270	1
268	271	1
268	272	1
273	268	1
268	274	1
275	268	1
276	277	1
278	279	1
278	280	1
278	281	1
278	282	1
278	283	1
284	278	1
278	285	1
147	278	1
240	278	1
286	278	1
108	287	1
287	288	1
287	114	1
287	289	1
206	290	1
291	292	1
291	293	1
79	291	1
291	294	1
295	296	1
296	297	1
298	299	1
300	301	1
183	300	1
302	300	1
303	300	1
304	300	1
50	300	1
300	68	1
300	94	1
305	306	1
305	307	1
170	305	1
308	305	1
305	309	1
310	305	1
305	311	1
312	305	1
313	305	1
74	314	1
315	74	1
316	74	1
74	317	1
318	74	1
74	183	1
74	319	1
74	320	1
321	74	1
322	74	1
323	74	1
324	74	1
74	325	1
326	74	1
74	327	1
74	328	1
74	329	1
330	74	1
74	331	1
74	332	1
74	333	1
74	40	1
74	334	1
335	74	1
336	74	1
337	74	1
74	338	1
339	74	1
74	49	1
74	340	1
74	341	1
212	74	1
74	56	1
74	342	1
343	74	1
74	344	1
345	74	1
74	346	1
74	347	1
74	348	1
74	74	1
74	349	1
350	74	1
351	74	1
74	352	1
74	353	1
74	92	1
74	93	1
74	354	1
74	355	1
74	356	1
357	74	1
74	358	1
359	360	1
361	361	1
362	363	1
364	362	1
362	365	1
362	366	1
362	68	1
362	367	1
362	368	1
369	370	1
370	6	1
371	370	1
370	372	1
373	370	1
374	370	1
370	375	1
376	370	1
377	370	1
34	370	1
370	223	1
378	370	1
370	379	1
380	370	1
381	370	1
382	370	1
383	370	1
0	370	1
370	384	1
370	70	1
75	370	1
78	370	1
370	385	1
370	386	1
370	83	1
370	387	1
370	388	1
94	370	1
389	370	1
370	390	1
391	370	1
392	393	1
394	392	1
395	392	1
396	392	1
397	392	1
392	398	1
392	399	1
3	392	1
400	392	1
392	401	1
402	392	1
392	403	1
116	392	1
392	5	1
404	392	1
405	392	1
406	392	1
301	392	1
392	407	1
408	392	1
392	409	1
410	392	1
392	8	1
411	392	1
392	412	1
392	413	1
392	196	1
392	414	1
392	415	1
9	392	1
392	10	1
416	392	1
417	392	1
418	392	1
198	392	1
419	392	1
420	392	1
421	392	1
392	14	1
422	392	1
392	423	1
424	392	1
392	16	1
392	17	1
425	392	1
426	392	1
392	427	1
428	392	1
392	429	1
392	430	1
431	392	1
432	392	1
433	392	1
373	392	1
434	392	1
392	23	1
435	392	1
436	392	1
437	392	1
392	438	1
392	25	1
392	439	1
392	28	1
440	392	1
392	30	1
392	31	1
392	32	1
441	392	1
392	442	1
33	392	1
443	392	1
444	392	1
445	392	1
392	34	1
392	446	1
234	392	1
173	392	1
447	392	1
448	392	1
392	449	1
450	392	1
451	392	1
392	452	1
453	392	1
38	392	1
39	392	1
392	118	1
392	454	1
392	455	1
456	392	1
457	392	1
42	392	1
282	392	1
458	392	1
392	149	1
46	392	1
459	392	1
392	460	1
48	392	1
461	392	1
462	392	1
392	463	1
392	464	1
392	465	1
466	392	1
467	392	1
392	54	1
468	392	1
392	469	1
392	470	1
185	392	1
471	392	1
472	392	1
473	392	1
474	392	1
392	475	1
392	476	1
477	392	1
478	392	1
392	61	1
392	479	1
392	63	1
480	392	1
481	392	1
392	482	1
392	273	1
483	392	1
382	392	1
484	392	1
485	392	1
392	486	1
392	487	1
392	488	1
392	127	1
392	489	1
490	392	1
150	392	1
491	392	1
70	392	1
392	492	1
493	392	1
392	494	1
392	495	1
496	392	1
497	392	1
392	75	1
392	498	1
392	499	1
392	500	1
392	501	1
392	502	1
392	78	1
392	503	1
392	504	1
392	505	1
392	506	1
392	82	1
392	507	1
508	392	1
392	83	1
392	85	1
392	509	1
392	87	1
392	510	1
392	88	1
392	511	1
90	392	1
392	512	1
392	513	1
392	91	1
514	392	1
392	93	1
392	94	1
515	392	1
145	392	1
392	96	1
392	516	1
392	517	1
97	392	1
392	518	1
392	519	1
520	392	1
100	392	1
392	521	1
392	101	1
366	522	1
523	522	1
524	525	1
525	126	1
526	525	1
525	346	1
525	527	1
525	143	1
525	528	1
525	74	1
529	525	1
525	530	1
525	101	1
531	532	1
533	534	1
533	535	1
533	536	1
537	533	1
533	538	1
539	533	1
533	540	1
541	533	1
147	533	1
504	533	1
530	533	1
542	543	1
544	543	1
545	546	1
546	122	1
546	547	1
548	546	1
549	546	1
550	546	1
546	551	1
546	552	1
546	553	1
554	546	1
555	546	1
546	556	1
557	546	1
546	234	1
546	558	1
546	559	1
560	546	1
546	45	1
561	546	1
546	562	1
546	152	1
546	563	1
546	564	1
546	565	1
546	566	1
238	546	1
546	546	1
546	567	1
568	546	1
569	546	1
570	546	1
571	546	1
546	572	1
573	546	1
546	574	1
575	576	1
576	577	1
578	576	1
579	576	1
580	581	1
147	582	1
583	584	1
583	585	1
583	586	1
583	587	1
147	583	1
583	514	1
588	589	1
590	401	1
591	590	1
590	522	1
590	590	1
592	593	1
593	46	1
593	147	1
594	595	1
594	596	1
597	598	1
599	600	1
108	599	1
599	601	1
592	599	1
602	599	1
599	603	1
604	599	1
599	605	1
606	599	1
607	599	1
249	608	1
609	608	1
610	611	1
610	612	1
613	614	1
613	165	1
613	615	1
616	617	1
616	486	1
235	618	1
240	618	1
401	619	1
620	619	1
204	619	1
619	439	1
185	619	1
621	619	1
273	619	1
619	622	1
521	619	1
623	624	1
147	624	1
513	624	1
625	626	1
625	627	1
625	163	1
198	625	1
625	422	1
628	625	1
28	625	1
629	625	1
150	625	1
625	148	1
625	630	1
631	250	1
631	632	1
633	631	1
634	635	1
636	637	1
638	420	1
639	638	1
638	537	1
638	640	1
641	638	1
74	638	1
642	643	1
643	170	1
439	643	1
644	643	1
645	643	1
646	396	1
646	647	1
646	648	1
646	649	1
650	646	1
646	57	1
651	646	1
652	646	1
653	654	1
655	654	1
654	656	1
657	654	1
654	658	1
659	654	1
166	654	1
654	660	1
654	661	1
662	654	1
654	663	1
664	665	1
666	664	1
667	108	1
668	542	1
669	198	1
670	669	1
671	672	1
673	674	1
675	676	1
677	676	1
676	507	1
678	409	1
48	678	1
678	679	1
617	678	1
54	678	1
136	678	1
680	678	1
678	88	1
90	678	1
681	678	1
152	682	1
682	683	1
684	54	1
684	185	1
156	685	1
639	686	1
686	687	1
688	686	1
109	686	1
689	686	1
690	691	1
692	691	1
693	691	1
691	694	1
691	53	1
691	695	1
691	691	1
691	696	1
697	698	1
697	699	1
697	74	1
700	701	1
702	701	1
152	701	1
703	701	1
704	396	1
705	704	1
619	704	1
706	707	1
420	707	1
707	708	1
709	707	1
710	707	1
707	711	1
712	707	1
707	713	1
707	714	1
707	715	1
71	707	1
716	717	1
558	716	1
716	718	1
473	716	1
147	719	1
719	507	1
720	719	1
721	722	1
723	721	1
721	724	1
725	721	1
721	726	1
727	721	1
728	721	1
729	721	1
721	730	1
721	731	1
721	732	1
721	429	1
733	721	1
721	734	1
721	735	1
329	721	1
736	721	1
35	721	1
721	234	1
737	721	1
738	721	1
739	721	1
740	721	1
109	721	1
721	741	1
742	721	1
721	743	1
721	744	1
721	745	1
746	721	1
721	747	1
748	721	1
644	721	1
749	721	1
721	750	1
721	751	1
721	752	1
721	753	1
754	721	1
721	755	1
756	721	1
721	120	1
721	77	1
757	721	1
721	758	1
721	759	1
721	760	1
761	721	1
721	762	1
763	721	1
764	721	1
721	765	1
721	766	1
767	721	1
768	156	1
769	768	1
770	771	1
771	771	1
156	772	1
108	758	1
758	109	1
758	104	1
773	774	1
147	775	1
776	775	1
777	147	1
777	94	1
171	778	1
779	778	1
780	778	1
778	781	1
782	783	1
784	783	1
785	643	1
786	787	1
787	788	1
789	787	1
787	790	1
787	791	1
792	787	1
787	793	1
794	795	1
149	794	1
796	794	1
240	794	1
797	798	1
799	800	1
801	800	1
802	800	1
800	803	1
804	198	1
255	804	1
57	804	1
94	804	1
805	806	1
807	805	1
396	808	1
808	122	1
808	809	1
808	248	1
808	810	1
811	808	1
808	108	1
255	808	1
812	808	1
332	808	1
813	808	1
808	486	1
808	814	1
808	808	1
158	808	1
808	815	1
816	808	1
817	818	1
819	820	1
820	156	1
820	821	1
108	820	1
436	820	1
822	820	1
820	823	1
824	820	1
825	820	1
826	820	1
827	820	1
820	828	1
360	820	1
829	820	1
529	820	1
830	820	1
831	820	1
147	832	1
833	260	1
834	260	1
835	260	1
836	260	1
837	838	1
837	839	1
840	841	1
841	842	1
843	844	1
845	843	1
420	846	1
847	848	1
849	850	1
849	851	1
849	852	1
853	854	1
143	853	1
855	853	1
856	853	1
857	858	1
859	857	1
860	861	1
860	862	1
863	864	1
865	863	1
866	863	1
867	863	1
868	863	1
869	863	1
870	863	1
288	863	1
863	871	1
872	863	1
863	873	1
863	874	1
875	876	1
877	878	1
879	880	1
879	565	1
881	108	1
881	523	1
882	881	1
108	883	1
884	883	1
885	725	1
885	886	1
234	885	1
152	885	1
887	888	1
889	440	1
890	891	1
729	890	1
170	890	1
892	890	1
890	893	1
890	894	1
895	890	1
499	896	1
897	90	1
898	899	1
900	901	1
898	901	1
902	903	1
904	902	1
905	902	1
906	902	1
907	908	1
909	907	1
907	910	1
911	907	1
473	907	1
907	912	1
907	88	1
108	913	1
913	914	1
913	592	1
913	283	1
71	913	1
915	913	1
913	815	1
916	917	1
57	918	1
592	919	1
919	920	1
921	159	1
922	921	1
921	161	1
921	245	1
116	921	1
921	923	1
108	921	1
924	921	1
921	230	1
257	921	1
921	611	1
925	921	1
588	921	1
921	926	1
136	921	1
921	927	1
921	928	1
929	921	1
930	921	1
921	82	1
921	630	1
921	931	1
921	932	1
136	588	1
933	934	1
840	108	1
212	840	1
935	840	1
546	840	1
721	936	1
57	937	1
938	939	1
938	513	1
10	940	1
940	941	1
940	150	1
942	943	1
943	944	1
943	945	1
943	946	1
947	943	1
948	943	1
943	949	1
943	950	1
951	943	1
952	943	1
943	953	1
954	943	1
955	943	1
943	956	1
943	957	1
958	943	1
943	959	1
943	960	1
961	943	1
962	943	1
963	943	1
943	964	1
943	965	1
966	943	1
943	967	1
943	968	1
969	943	1
346	943	1
970	943	1
943	971	1
943	972	1
973	943	1
974	943	1
975	943	1
976	943	1
977	978	1
978	979	1
978	980	1
981	982	1
981	983	1
984	981	1
981	674	1
985	981	1
981	986	1
981	987	1
988	981	1
989	981	1
981	990	1
981	991	1
981	992	1
993	981	1
994	981	1
981	995	1
996	981	1
997	981	1
981	304	1
381	981	1
981	998	1
147	981	1
999	981	1
981	1000	1
981	931	1
417	1001	1
1001	54	1
1001	147	1
1002	1002	1
1003	1004	1
1005	1006	1
1007	1008	1
166	1007	1
769	1007	1
181	1007	1
535	1009	1
1010	1009	1
1011	1012	1
1013	1014	1
1015	1014	1
108	1014	1
198	1014	1
1014	1016	1
592	1014	1
271	1014	1
108	1017	1
1018	1019	1
1018	1020	1
1018	108	1
1021	1018	1
200	1018	1
1022	1018	1
1018	1023	1
714	1018	1
1018	147	1
1018	1024	1
1025	108	1
1025	171	1
1026	1027	1
1026	26	1
1028	626	1
11	1028	1
1028	202	1
1028	147	1
1029	981	1
1030	1031	1
809	1030	1
591	1030	1
1030	526	1
1030	440	1
1030	1032	1
1030	826	1
1033	1030	1
1030	68	1
385	1030	1
505	1030	1
198	632	1
255	632	1
632	1034	1
235	632	1
632	57	1
94	632	1
390	632	1
1035	1036	1
255	1035	1
1037	1035	1
1035	57	1
1038	1038	1
922	1039	1
1039	1040	1
1041	1039	1
545	1042	1
1043	1042	1
1042	256	1
1042	166	1
1042	691	1
1044	1042	1
523	1045	1
523	450	1
1046	523	1
523	1047	1
1048	977	1
1048	1049	1
1050	143	1
467	185	1
467	61	1
467	1051	1
892	1052	1
1053	892	1
1054	1055	1
1055	1056	1
158	1055	1
1057	1058	1
108	1058	1
1059	1058	1
54	1060	1
54	398	1
1061	54	1
5	54	1
316	54	1
54	6	1
54	1062	1
54	301	1
183	54	1
1063	54	1
302	54	1
1064	54	1
1016	54	1
425	54	1
54	1065	1
54	1066	1
54	1067	1
1068	54	1
54	374	1
1069	54	1
54	1070	1
1071	54	1
54	1072	1
1073	54	1
54	1074	1
54	558	1
54	611	1
332	54	1
54	1075	1
54	1076	1
54	1077	1
54	175	1
46	54	1
54	1078	1
54	54	1
225	54	1
1079	54	1
1080	54	1
1081	54	1
54	1082	1
1083	54	1
1084	54	1
54	1085	1
54	748	1
273	54	1
54	484	1
54	68	1
1086	54	1
54	1087	1
54	1088	1
1089	54	1
54	1090	1
1091	54	1
1092	54	1
1093	54	1
1094	54	1
1095	54	1
974	54	1
87	54	1
54	1096	1
54	1097	1
1098	54	1
54	1099	1
54	1100	1
54	1101	1
54	519	1
54	1102	1
1103	54	1
54	1104	1
1105	1106	1
1107	1106	1
1108	1106	1
1106	1109	1
1110	1106	1
1106	1111	1
1106	1112	1
1106	1106	1
1113	1106	1
1114	1106	1
238	1106	1
1115	1106	1
1116	1106	1
1106	512	1
1106	1117	1
1106	1118	1
1119	1106	1
1120	1121	1
1032	1122	1
735	1123	1
1123	1124	1
1123	185	1
1123	1125	1
486	1123	1
1123	501	1
240	1123	1
1126	1127	1
1128	1129	1
1130	1131	1
1132	1133	1
1134	1135	1
1136	469	1
469	116	1
1137	469	1
469	469	1
1138	1139	1
1139	1140	1
1141	1139	1
1139	522	1
1139	1142	1
1143	1139	1
1144	1145	1
136	1145	1
1146	1147	1
1148	1146	1
1146	1149	1
1150	1151	1
1152	1153	1
108	1152	1
18	1152	1
1154	1152	1
1152	611	1
332	1152	1
41	1152	1
1152	177	1
1152	1155	1
1152	1156	1
1152	546	1
1152	590	1
1157	1158	1
1157	1159	1
1160	1157	1
1161	1162	1
1161	1163	1
1161	1164	1
1165	1161	1
460	1161	1
1166	1161	1
1161	1167	1
155	1168	1
1169	1168	1
708	1168	1
234	1168	1
216	1168	1
1170	1168	1
1171	1172	1
1173	1172	1
1174	156	1
1175	1176	1
450	1177	1
1177	454	1
1178	1177	1
1179	979	1
1180	1179	1
1179	1181	1
317	1182	1
1112	1182	1
71	1182	1
499	1182	1
869	1183	1
869	1184	1
869	1185	1
869	1186	1
869	1065	1
869	1187	1
869	1068	1
1071	869	1
1188	869	1
1189	869	1
869	562	1
869	152	1
1190	869	1
1191	869	1
869	1192	1
869	166	1
1193	869	1
869	1194	1
869	1195	1
108	1196	1
1196	420	1
1196	1197	1
1198	1196	1
1196	1199	1
1200	1196	1
1196	1201	1
1196	1202	1
1196	242	1
1203	1204	1
880	1204	1
1204	1205	1
1206	152	1
385	1206	1
809	598	1
442	598	1
598	851	1
598	1122	1
598	216	1
74	598	1
598	1207	1
598	93	1
1208	1209	1
1210	1209	1
1209	1211	1
1209	1212	1
1213	1209	1
1214	1215	1
1214	411	1
198	1214	1
1216	1214	1
440	1214	1
1214	1217	1
1214	1214	1
1214	68	1
507	1214	1
1214	242	1
1214	1218	1
1219	1220	1
507	1219	1
1221	1222	1
411	1221	1
1223	1221	1
1221	1224	1
1221	537	1
1225	1221	1
1221	1226	1
1227	1221	1
1221	1228	1
1221	360	1
367	1221	1
1221	1229	1
259	1221	1
1142	1221	1
1221	1230	1
1221	1231	1
1221	1232	1
263	1233	1
1234	1233	1
1235	1233	1
1236	1237	1
48	1236	1
679	1236	1
1236	54	1
1236	106	1
486	1236	1
1236	90	1
1236	95	1
101	1236	1
310	1238	1
799	1239	1
161	1239	1
245	1239	1
1240	1239	1
6	1239	1
1062	1239	1
162	1239	1
1239	1241	1
198	1239	1
553	1239	1
1239	1187	1
1242	1239	1
1239	1071	1
1239	1243	1
1244	1239	1
1220	1239	1
1239	558	1
1239	453	1
1239	332	1
718	1239	1
1239	333	1
282	1239	1
177	1239	1
1239	56	1
1239	1245	1
1239	1246	1
152	1239	1
1239	1239	1
1239	1247	1
1248	1239	1
1239	747	1
1249	1239	1
1239	1004	1
894	1239	1
147	1239	1
1239	546	1
1250	1239	1
166	1239	1
1239	721	1
1251	1239	1
1252	1239	1
1239	513	1
1239	931	1
519	1239	1
1151	1239	1
1253	1239	1
1254	147	1
1254	1255	1
1256	1256	1
244	1257	1
1071	1258	1
332	1258	1
1258	288	1
1258	1259	1
1258	696	1
1260	1004	1
1261	116	1
1261	1262	1
1263	396	1
1263	537	1
1263	1264	1
1265	1263	1
1263	1266	1
152	1263	1
108	1267	1
1268	1269	1
1171	1268	1
1268	1270	1
1268	6	1
1268	1271	1
1268	1272	1
198	1268	1
1268	535	1
1268	989	1
1273	1268	1
1274	1268	1
1268	1275	1
23	1268	1
1268	1276	1
1277	1268	1
1268	1278	1
338	1268	1
1279	1268	1
1268	104	1
1268	131	1
1268	1280	1
1268	1281	1
1282	1268	1
1283	1268	1
1284	1268	1
1285	1268	1
1268	1286	1
1268	505	1
1287	1268	1
1288	1268	1
1289	1268	1
1268	1290	1
94	1268	1
1291	1292	1
1292	108	1
1293	1292	1
1292	1294	1
132	1292	1
1292	287	1
1292	1295	1
1296	1297	1
1296	71	1
1298	1299	1
288	1300	1
33	288	1
1301	1302	1
1301	1303	1
108	1301	1
1301	1304	1
1305	1301	1
1306	1301	1
1307	1301	1
1301	54	1
1023	1301	1
1308	1301	1
147	1301	1
1301	1309	1
1301	1310	1
390	1301	1
1311	108	1
1311	1312	1
1313	927	1
1314	927	1
927	542	1
1315	927	1
1316	542	1
1316	1122	1
1317	1316	1
1318	147	1
1319	1320	1
152	1321	1
562	1322	1
1323	150	1
1323	1324	1
1323	166	1
1325	1323	1
1323	630	1
156	1326	1
1326	420	1
1326	1327	1
1326	1328	1
1326	1329	1
1326	718	1
1330	1326	1
1326	1331	1
159	1332	1
1333	1332	1
161	1332	1
1332	698	1
1332	162	1
1334	1332	1
1332	163	1
1147	1332	1
1332	1335	1
555	1332	1
1332	556	1
1332	1336	1
1332	1337	1
1338	1332	1
1245	1332	1
1332	1239	1
1332	1332	1
1332	380	1
658	1332	1
1339	1332	1
1332	160	1
1332	1340	1
1332	165	1
1250	1332	1
166	1332	1
1332	1341	1
1332	1342	1
1332	630	1
1343	1332	1
1290	1332	1
1344	1332	1
1125	1345	1
1346	1125	1
1185	1347	1
1347	1065	1
23	1347	1
1348	1347	1
112	1347	1
1347	1349	1
1350	1347	1
1347	1351	1
242	1347	1
396	1352	1
1352	1353	1
575	1352	1
1352	1352	1
1352	1354	1
1355	1352	1
1356	1352	1
1352	579	1
1357	106	1
1358	106	1
1359	698	1
1360	1361	1
1362	1361	1
1361	1363	1
1361	1364	1
1365	108	1
1366	1367	1
399	1367	1
401	1367	1
1367	116	1
809	1367	1
1367	6	1
1367	317	1
1367	1368	1
877	1367	1
1367	301	1
415	1367	1
9	1367	1
1369	1367	1
1367	1370	1
1371	1367	1
1372	1367	1
1367	1373	1
1367	1374	1
1375	1367	1
1367	14	1
1367	423	1
1367	1376	1
1377	1367	1
1367	17	1
1367	425	1
1367	1065	1
1367	592	1
432	1367	1
1378	1367	1
1367	1379	1
1367	1380	1
1367	1071	1
329	1367	1
1381	1367	1
1367	1382	1
1367	35	1
1367	234	1
1367	1383	1
1367	649	1
1367	1384	1
1367	1385	1
1367	558	1
1367	1386	1
223	1367	1
1387	1367	1
1388	1367	1
1367	1110	1
1389	1367	1
1390	1367	1
1391	1367	1
45	1367	1
1367	1392	1
1367	1393	1
1394	1367	1
467	1367	1
1395	1367	1
185	1367	1
1367	1396	1
1280	1367	1
1367	1367	1
63	1367	1
1367	747	1
1367	748	1
1367	1004	1
1397	1367	1
1367	68	1
1367	1398	1
1367	1399	1
1400	1367	1
495	1367	1
1367	1401	1
1367	166	1
81	1367	1
1367	82	1
1402	1367	1
856	1367	1
508	1367	1
1367	1403	1
1367	1404	1
1367	1405	1
1406	1367	1
1367	355	1
356	1367	1
1407	1367	1
1367	1408	1
1367	368	1
1367	242	1
1367	848	1
1409	1367	1
1410	1367	1
1367	101	1
1411	1412	1
1413	1412	1
1412	1414	1
1412	1415	1
1416	1412	1
1412	1016	1
1412	171	1
1417	1412	1
1412	1418	1
1412	718	1
53	1412	1
1419	1412	1
1412	1420	1
1421	1412	1
1422	1412	1
1412	1423	1
1412	166	1
1412	1424	1
1412	1425	1
1426	1427	1
1428	63	1
63	116	1
63	317	1
229	63	1
63	8	1
63	411	1
725	63	1
63	1429	1
9	63	1
727	63	1
1430	63	1
63	1372	1
1431	63	1
1416	63	1
63	1432	1
63	425	1
63	1433	1
63	1434	1
432	63	1
63	25	1
63	28	1
63	29	1
31	63	1
63	1022	1
63	32	1
63	1435	1
453	63	1
63	1436	1
332	63	1
63	1110	1
40	63	1
454	63	1
560	63	1
1437	63	1
63	282	1
48	63	1
1438	63	1
1439	63	1
63	1440	1
63	461	1
63	1441	1
63	1442	1
63	136	1
63	1443	1
106	63	1
63	63	1
748	63	1
63	273	1
63	69	1
63	495	1
63	1444	1
63	77	1
63	1445	1
63	1446	1
81	63	1
63	1447	1
63	508	1
63	1448	1
63	1404	1
63	88	1
63	90	1
872	63	1
63	1449	1
93	63	1
63	242	1
848	63	1
63	519	1
100	63	1
1450	63	1
1451	1451	1
152	1452	1
1453	1454	1
1455	1453	1
1456	1453	1
1457	1453	1
1458	1453	1
1459	1453	1
1460	1453	1
108	1461	1
116	1462	1
372	1462	1
1462	653	1
374	1462	1
1462	234	1
1462	1122	1
75	1462	1
1462	289	1
1462	1463	1
204	1464	1
1464	1266	1
1464	166	1
1465	1466	1
1467	1468	1
402	1469	1
116	1469	1
1470	1469	1
142	1469	1
1469	1471	1
1472	1469	1
1469	1473	1
143	1469	1
1474	1469	1
1469	1475	1
1469	145	1
1476	1477	1
1478	1479	1
66	396	1
66	1480	1
66	1481	1
812	66	1
1482	66	1
66	1483	1
911	273	1
1484	273	1
1485	273	1
1486	1487	1
1488	1489	1
1490	611	1
1491	977	1
1491	980	1
1492	1493	1
242	1493	1
393	486	1
545	486	1
486	1494	1
1495	486	1
316	486	1
486	6	1
1062	486	1
1496	486	1
1497	486	1
486	1498	1
486	1499	1
486	1481	1
486	183	1
486	1500	1
486	1372	1
198	486	1
535	486	1
302	486	1
1501	486	1
486	1016	1
426	486	1
486	1502	1
486	1503	1
486	1504	1
430	486	1
486	432	1
1505	486	1
1506	486	1
486	26	1
555	486	1
1071	486	1
1507	486	1
1508	486	1
486	1509	1
35	486	1
1510	486	1
1220	486	1
486	558	1
453	486	1
1511	486	1
559	486	1
1512	486	1
486	454	1
282	486	1
1513	486	1
486	46	1
486	1393	1
675	486	1
1514	486	1
486	56	1
1515	486	1
486	63	1
747	486	1
486	65	1
486	748	1
486	1354	1
486	486	1
1516	486	1
0	486	1
486	68	1
486	930	1
1517	486	1
72	486	1
494	486	1
486	74	1
486	75	1
1518	486	1
1519	486	1
81	486	1
486	1251	1
486	1520	1
1252	486	1
90	486	1
1521	486	1
931	486	1
92	486	1
486	572	1
1522	486	1
181	486	1
1523	486	1
1524	486	1
1525	486	1
486	519	1
1526	486	1
1527	1528	1
1528	1522	1
196	1529	1
1529	1208	1
542	1529	1
182	1529	1
829	1529	1
1529	78	1
1529	85	1
1530	1529	1
1531	732	1
1531	577	1
1531	1042	1
1532	57	1
1533	1532	1
1059	1532	1
402	1534	1
1535	1534	1
1536	404	1
393	0	1
0	395	1
0	1494	1
1537	1538	1
1481	1538	1
1538	108	1
1538	147	1
922	922	1
922	1539	1
1540	922	1
627	922	1
922	163	1
1541	922	1
922	1542	1
922	1543	1
1544	922	1
922	555	1
1545	922	1
1546	922	1
1547	922	1
655	922	1
1548	922	1
1549	922	1
1550	922	1
922	718	1
1551	922	1
922	336	1
1552	922	1
922	53	1
869	922	1
1175	922	1
1323	922	1
922	381	1
150	922	1
922	1553	1
922	1554	1
148	922	1
922	165	1
922	166	1
922	1555	1
1556	922	1
922	630	1
1522	922	1
1557	922	1
100	922	1
1558	1559	1
152	1558	1
1560	994	1
1560	152	1
1561	1561	1
1562	1563	1
1562	1564	1
1562	1350	1
707	1562	1
1428	1565	1
122	1565	1
1566	1565	1
108	1565	1
1565	1567	1
1565	1568	1
1565	1569	1
555	1565	1
206	1565	1
1565	1570	1
1565	281	1
304	1565	1
1565	1571	1
1565	562	1
1572	1565	1
1565	381	1
1565	1573	1
1565	644	1
1565	147	1
85	1565	1
1565	1574	1
1565	1575	1
396	891	1
891	152	1
891	166	1
1576	1577	1
1578	1579	1
1579	171	1
1579	1580	1
228	228	1
183	228	1
228	1161	1
101	228	1
1581	1581	1
1582	1582	1
234	1582	1
1583	1584	1
1585	147	1
1586	1587	1
674	1588	1
1589	397	1
1590	1591	1
399	864	1
1585	399	1
399	1592	1
535	399	1
399	1593	1
399	1510	1
109	399	1
1594	399	1
399	912	1
750	1595	1
1596	122	1
1597	1596	1
186	1596	1
1598	1596	1
1599	1539	1
1539	1600	1
333	1539	1
1539	1601	1
152	1539	1
1539	1602	1
1539	504	1
1539	166	1
1603	1539	1
1604	1605	1
143	1606	1
1607	1608	1
1609	1608	1
1610	1611	1
1612	1610	1
1610	1613	1
1610	548	1
1610	410	1
1614	1610	1
1610	1615	1
1610	1616	1
1617	1610	1
1610	925	1
1610	1618	1
1610	1619	1
1610	1620	1
1621	1610	1
1622	1610	1
120	1610	1
1623	1610	1
1610	529	1
1624	1610	1
1610	1557	1
1610	1625	1
1626	1627	1
68	1626	1
1626	390	1
559	1628	1
212	1628	1
2	514	1
1629	1630	1
411	1630	1
1630	108	1
1630	1631	1
1392	1630	1
1630	542	1
1632	1633	1
1010	1633	1
1634	1633	1
1635	164	1
1636	1635	1
562	1635	1
1635	1212	1
1637	317	1
1638	1637	1
234	1637	1
473	1637	1
1639	1637	1
245	159	1
161	245	1
245	245	1
245	811	1
162	245	1
725	245	1
245	1640	1
1641	245	1
1642	245	1
245	202	1
245	1070	1
555	245	1
1545	245	1
245	954	1
1643	245	1
245	1644	1
245	1645	1
245	1646	1
1458	245	1
1226	245	1
245	1647	1
1245	245	1
245	1648	1
245	1247	1
245	288	1
1332	245	1
245	1649	1
1650	245	1
245	1651	1
1652	245	1
165	245	1
245	74	1
1653	245	1
1250	245	1
1654	245	1
245	1655	1
166	245	1
1656	245	1
630	245	1
245	931	1
245	1557	1
1045	1045	1
1657	1658	1
250	1659	1
122	1660	1
1660	1660	1
1661	1660	1
1660	1164	1
1662	1660	1
1022	1660	1
558	1660	1
1660	1075	1
1663	1660	1
1660	1664	1
57	1660	1
1660	1665	1
1660	1666	1
166	1660	1
1660	390	1
1660	818	1
108	1667	1
1667	1668	1
1667	1669	1
1667	1093	1
798	1667	1
1667	514	1
1670	1670	1
1670	183	1
1670	1671	1
1670	1672	1
1673	1670	1
1670	1674	1
1092	1670	1
1670	1675	1
1676	401	1
449	1676	1
1677	1676	1
1676	68	1
1678	1676	1
169	1679	1
1679	1680	1
1681	1679	1
1362	1679	1
1679	1682	1
1683	1679	1
57	1679	1
360	1679	1
1684	1679	1
1679	1207	1
1685	1679	1
1686	1687	1
1688	1689	1
1690	1689	1
1689	152	1
1689	287	1
1000	1689	1
1298	1305	1
1000	1298	1
945	136	1
1355	945	1
420	1691	1
1691	753	1
1692	977	1
1693	545	1
1693	1694	1
1695	1693	1
1696	1693	1
1693	1697	1
1693	1698	1
1699	1693	1
1693	432	1
1700	1693	1
1417	1693	1
1693	1701	1
1693	1702	1
1693	1703	1
75	1693	1
1693	1704	1
108	1705	1
611	1705	1
1706	1705	1
1707	1705	1
1705	1708	1
1709	851	1
1710	156	1
1710	108	1
535	1710	1
1710	449	1
1710	1711	1
1712	1710	1
242	1710	1
1713	1714	1
1715	1716	1
1717	1718	1
564	1718	1
1718	64	1
1719	1718	1
1517	1718	1
80	1718	1
356	1718	1
1718	874	1
1720	1721	1
1721	1722	1
156	1721	1
1721	198	1
1071	1721	1
172	1721	1
1721	1723	1
1721	1547	1
1724	1721	1
281	1721	1
1721	235	1
1721	1725	1
1721	1726	1
145	1721	1
97	1721	1
1727	1728	1
1729	1727	1
1727	1730	1
1727	1731	1
223	1732	1
1733	1734	1
1734	820	1
1734	1735	1
393	1736	1
1736	301	1
1736	1737	1
1736	1481	1
1736	183	1
1736	302	1
1736	1738	1
1736	1508	1
46	1736	1
529	1736	1
1098	1736	1
661	1736	1
1739	1736	1
1740	1736	1
100	1736	1
1741	514	1
1742	1743	1
6	1744	1
1744	1745	1
1744	553	1
1744	1746	1
1744	1747	1
1744	1748	1
1744	1253	1
1749	152	1
1750	1751	1
1750	1752	1
344	1750	1
659	1750	1
136	1013	1
1753	1754	1
40	1753	1
152	1755	1
1756	1757	1
1757	542	1
1758	1759	1
1758	108	1
1760	1758	1
1758	420	1
653	1758	1
1758	1761	1
1164	1758	1
1762	1758	1
1758	1763	1
109	1758	1
1764	1758	1
104	1758	1
381	1758	1
1758	514	1
1765	1766	1
109	1766	1
1766	1767	1
1768	1766	1
1769	152	1
1770	162	1
57	1770	1
1770	1250	1
295	122	1
295	1771	1
116	295	1
295	979	1
409	295	1
295	295	1
1772	295	1
295	941	1
1773	295	1
332	295	1
1441	295	1
295	1774	1
1181	295	1
1775	295	1
1776	295	1
1777	295	1
295	1686	1
295	516	1
1778	1779	1
1780	1778	1
1510	1781	1
1782	1708	1
1494	1783	1
1783	809	1
1784	1783	1
620	1783	1
1785	1783	1
1783	1786	1
1783	198	1
1787	1783	1
1788	1783	1
1783	1388	1
45	1783	1
694	1783	1
1783	54	1
1783	1789	1
1783	472	1
1783	473	1
68	1783	1
147	1783	1
1783	78	1
240	1783	1
81	1783	1
507	1783	1
1403	1783	1
1783	1790	1
1783	1791	1
1792	1783	1
242	1783	1
491	725	1
1793	412	1
412	420	1
1794	163	1
1794	422	1
28	1794	1
1545	1794	1
1794	150	1
1794	148	1
1795	1796	1
1795	152	1
1797	1798	1
1797	1799	1
1800	920	1
147	1800	1
1801	108	1
74	1801	1
326	1802	1
1803	1802	1
1804	1802	1
1802	452	1
1802	1805	1
1802	927	1
592	1806	1
1806	1124	1
1806	1226	1
1649	1806	1
1806	1807	1
1806	166	1
1806	1808	1
1428	1809	1
1810	1809	1
1811	1809	1
1809	1812	1
1813	1809	1
1814	729	1
1814	1815	1
1814	109	1
1814	894	1
1816	428	1
1817	1817	1
1818	1817	1
1817	147	1
1819	1820	1
1820	1820	1
1820	600	1
428	1820	1
1821	1820	1
1820	104	1
1820	1822	1
1823	1820	1
894	1820	1
546	1820	1
1820	1824	1
841	1820	1
873	1820	1
282	1825	1
486	1825	1
1372	1826	1
1826	1827	1
1826	31	1
1826	185	1
1826	63	1
1826	522	1
1826	166	1
1828	1829	1
1830	1831	1
152	1832	1
1833	1834	1
1835	1833	1
1836	1837	1
1838	1837	1
1837	1839	1
1837	1840	1
1841	1842	1
1842	1843	1
1842	1844	1
1845	1846	1
1847	1846	1
1848	1849	1
1848	108	1
100	1850	1
1851	411	1
1852	1853	1
1854	1852	1
1852	1855	1
1852	1856	1
1857	1858	1
1857	1859	1
25	600	1
1860	1861	1
1862	1863	1
1864	1863	1
1865	1866	1
1867	1866	1
1866	1332	1
1866	1868	1
1869	1870	1
1870	108	1
1870	1071	1
71	1870	1
1059	1870	1
1870	1871	1
156	782	1
782	591	1
1059	782	1
1872	133	1
1873	147	1
1874	1873	1
163	535	1
234	163	1
1875	1876	1
1877	179	1
1878	1879	1
1879	619	1
1880	1881	1
1882	1881	1
1883	1881	1
1881	1884	1
1881	1885	1
1886	1881	1
1881	1887	1
1881	1888	1
1889	1881	1
1881	1890	1
1891	108	1
1892	1893	1
1893	1305	1
1893	1894	1
1895	1893	1
1896	1893	1
1284	1893	1
1893	1897	1
1898	1893	1
1893	873	1
1899	1345	1
1899	161	1
1899	169	1
1899	1305	1
1899	1362	1
1899	1900	1
166	1899	1
1901	1902	1
1903	1829	1
1903	147	1
1904	1904	1
1905	1906	1
1907	1908	1
248	1909	1
1910	1909	1
1911	545	1
1912	1911	1
1911	108	1
420	1911	1
1911	556	1
1911	1417	1
1911	611	1
1913	1911	1
1911	71	1
1911	1914	1
1911	1915	1
1916	1917	1
1822	1917	1
1918	1917	1
1917	74	1
1919	1920	1
1919	1921	1
627	1922	1
1922	1923	1
1128	1922	1
1924	1922	1
1922	1650	1
1922	1925	1
553	1926	1
440	1926	1
1926	1927	1
1926	1928	1
166	1926	1
1926	351	1
513	1926	1
1929	1926	1
1930	1931	1
1932	1930	1
1930	1729	1
1022	1930	1
558	1930	1
1418	1930	1
223	1930	1
1930	1933	1
1934	1930	1
1935	1930	1
752	1930	1
1930	1936	1
1930	1937	1
593	1930	1
1930	1938	1
1930	772	1
352	1930	1
1939	1930	1
1028	1940	1
1941	1582	1
1942	1941	1
1943	1941	1
1944	1941	1
1941	3	1
1945	1941	1
1941	620	1
1849	1941	1
1941	1062	1
1941	1946	1
1941	1947	1
1941	301	1
1941	183	1
1948	1941	1
1949	1941	1
1941	1470	1
1950	1941	1
1951	1941	1
1952	1941	1
1941	302	1
1953	1941	1
1941	1304	1
1954	1941	1
432	1941	1
1955	1941	1
1956	1941	1
1957	1941	1
1958	1941	1
130	1941	1
1959	1941	1
1941	1960	1
1961	1941	1
1941	1962	1
303	1941	1
1941	282	1
1963	1941	1
1941	304	1
1941	1964	1
1078	1941	1
1941	1965	1
1941	1966	1
50	1941	1
1941	1967	1
467	1941	1
1941	54	1
1934	1941	1
1941	1968	1
1941	272	1
1941	344	1
1941	131	1
1941	1969	1
1941	61	1
1941	380	1
1970	1941	1
1941	1971	1
1941	65	1
1941	133	1
1941	68	1
188	1941	1
1972	1941	1
494	1941	1
1941	496	1
1973	1941	1
1941	1974	1
529	1941	1
1941	78	1
1941	1975	1
1941	804	1
1976	1941	1
512	1941	1
1941	1098	1
94	1941	1
1941	1523	1
1941	1977	1
1978	1979	1
1980	1981	1
183	1756	1
1756	617	1
1756	1678	1
14	14	1
14	1982	1
147	14	1
14	1000	1
507	14	1
1732	1983	1
1983	1984	1
1985	1983	1
161	1986	1
1987	1986	1
257	1986	1
1988	1988	1
826	1988	1
542	1988	1
810	1632	1
1632	1632	1
1632	1010	1
1071	1632	1
1632	1989	1
1990	1632	1
1632	1634	1
366	1991	1
1991	1992	1
17	422	1
255	833	1
1993	1994	1
1994	1147	1
1995	1994	1
542	1994	1
1996	1994	1
507	1997	1
1998	279	1
279	1999	1
2000	279	1
279	2001	1
2002	279	1
1355	279	1
1883	1285	1
2003	2004	1
159	1688	1
1688	394	1
2005	1688	1
1688	2006	1
1688	2007	1
2008	1688	1
1688	2009	1
2010	1688	1
1688	2011	1
1688	2012	1
1688	170	1
1688	2013	1
1688	2014	1
1688	2015	1
1688	2016	1
1688	2017	1
2018	1688	1
1688	2019	1
1688	824	1
1688	2020	1
1688	2021	1
854	1688	1
1688	2022	1
2023	1688	1
1688	2024	1
1325	1688	1
1688	2025	1
888	1688	1
2026	1688	1
2027	1688	1
1059	1688	1
2028	1688	1
1688	2029	1
1688	2030	1
1370	2031	1
2031	2032	1
1010	1010	1
1010	370	1
1010	498	1
2033	2033	1
2033	147	1
415	1376	1
1376	1376	1
1376	1387	1
662	1376	1
1259	2034	1
2035	240	1
2013	2036	1
2037	1681	1
1681	1680	1
1681	1360	1
1681	2038	1
2039	1681	1
1681	1362	1
1681	2040	1
1681	360	1
1684	1681	1
1681	571	1
2041	1681	1
1681	2042	1
513	2043	1
2044	2045	1
418	2045	1
2045	1335	1
2046	2045	1
1208	2047	1
1392	2047	1
152	2047	1
2048	2047	1
1151	2047	1
1197	2049	1
2050	2051	1
2051	2052	1
2053	2054	1
2055	2054	1
2054	2056	1
2054	2057	1
2054	222	1
2058	2054	1
843	2054	1
1055	2059	1
2059	1106	1
2059	240	1
2060	2060	1
1993	523	1
1432	166	1
18	2061	1
2062	2061	1
1305	1305	1
1305	70	1
424	317	1
16	424	1
2063	424	1
2064	424	1
424	234	1
2065	2066	1
2067	2068	1
2069	2070	1
2069	2036	1
2071	632	1
2071	1122	1
2072	397	1
13	2072	1
718	2072	1
2073	2072	1
2074	2072	1
2072	63	1
143	2072	1
2072	216	1
68	2072	1
2072	2075	1
523	2076	1
152	2076	1
2076	1151	1
2077	829	1
894	1642	1
1431	2078	1
2078	537	1
2079	2078	1
2080	108	1
644	2080	1
2081	2080	1
2080	94	1
396	2082	1
2082	2083	1
2082	810	1
2082	2084	1
322	2082	1
2082	170	1
2082	614	1
2082	1071	1
2085	2082	1
234	2082	1
2082	611	1
223	2082	1
332	2082	1
1076	2082	1
459	2082	1
2082	53	1
1175	2082	1
2082	2086	1
2082	1323	1
2082	2087	1
2082	165	1
2082	1974	1
166	2082	1
2082	2088	1
2082	2089	1
2082	872	1
2090	2082	1
2091	2092	1
2093	222	1
2094	2095	1
1296	2096	1
748	2097	1
489	2097	1
57	2098	1
2099	2100	1
1664	2099	1
2099	1867	1
2101	2102	1
1093	2101	1
108	2103	1
2104	2103	1
2105	2106	1
2107	2106	1
2108	2109	1
108	2109	1
2109	164	1
2109	420	1
2109	422	1
2109	2110	1
2109	2111	1
204	2109	1
2109	1821	1
2109	611	1
2112	2109	1
2109	1764	1
2109	2113	1
780	2109	1
894	2109	1
2109	1285	1
2114	2109	1
2109	1000	1
2115	2109	1
2116	2109	1
2117	104	1
2117	2118	1
2119	999	1
2120	977	1
2121	1059	1
196	2122	1
2123	2122	1
422	126	1
126	126	1
2124	126	1
126	272	1
126	2125	1
126	2126	1
894	126	1
522	126	1
126	240	1
82	126	1
126	2127	1
108	2039	1
1122	2039	1
1787	2128	1
2128	2129	1
2128	1685	1
990	2130	1
2130	2131	1
2132	2130	1
2133	2130	1
2130	94	1
2134	2135	1
1702	2135	1
2136	2137	1
2138	1241	1
198	2138	1
2138	1244	1
718	2138	1
282	2138	1
2138	894	1
166	2138	1
1943	2139	1
1944	2139	1
3	2139	1
2140	2139	1
1062	2139	1
2139	301	1
2139	414	1
183	2139	1
2139	108	1
2139	198	1
14	2139	1
302	2139	1
2139	2141	1
2139	1380	1
2139	442	1
2139	1958	1
2139	234	1
39	2139	1
2139	282	1
2139	304	1
45	2139	1
2139	48	1
50	2139	1
1514	2139	1
2139	976	1
2139	54	1
57	2139	1
2139	344	1
2001	2139	1
61	2139	1
481	2139	1
2139	65	1
2139	133	1
2139	68	1
148	2139	1
78	2139	1
2139	1093	1
2139	81	1
83	2139	1
512	2139	1
513	2139	1
94	2139	1
2139	2142	1
2139	1523	1
2143	2144	1
152	2145	1
2146	2147	1
14	2148	1
2148	202	1
2149	2148	1
2148	57	1
2148	2150	1
2148	529	1
789	2119	1
789	291	1
2151	2152	1
2153	2154	1
2153	1037	1
2155	2156	1
1122	586	1
2157	57	1
2158	2159	1
2160	2158	1
2161	2162	1
2163	2161	1
250	2164	1
2164	428	1
2164	19	1
2165	2164	1
185	2166	1
420	2167	1
2168	2167	1
2169	2167	1
1305	326	1
326	2170	1
326	2171	1
66	326	1
326	1285	1
326	915	1
372	734	1
1796	2172	1
1248	2172	1
2173	2174	1
2174	2175	1
2176	254	1
2177	2178	1
2178	2179	1
1154	722	1
2180	1154	1
1154	726	1
1154	729	1
2181	1154	1
1154	2033	1
234	1154	1
1154	2182	1
1154	748	1
1154	756	1
2183	1154	1
147	2184	1
2185	371	1
2185	702	1
2185	152	1
2042	2185	1
2186	506	1
2187	2188	1
2189	1198	1
2190	361	1
2191	2192	1
234	2193	1
2194	2195	1
413	2195	1
2196	2195	1
2195	592	1
2195	130	1
2195	2154	1
2195	133	1
2197	2195	1
615	2195	1
2195	289	1
14	2198	1
33	2198	1
234	2198	1
2198	50	1
481	2198	1
2198	1004	1
2198	120	1
529	2198	1
240	2198	1
2198	1925	1
2199	2200	1
2200	2201	1
108	2202	1
2203	1264	1
147	1264	1
1151	2204	1
2205	401	1
116	2205	1
2205	407	1
2205	409	1
595	2205	1
2205	25	1
2205	28	1
71	2205	1
2205	2206	1
2205	2207	1
2205	88	1
1455	482	1
529	2208	1
2209	71	1
1748	2209	1
2210	2181	1
2211	108	1
332	2211	1
2212	2211	1
71	2211	1
2211	2213	1
2214	2211	1
687	14	1
31	687	1
88	687	1
1059	687	1
2215	2215	1
2215	212	1
2215	2216	1
2217	514	1
177	2218	1
592	2219	1
108	2220	1
2221	2220	1
2220	374	1
2220	2222	1
2220	440	1
2220	1547	1
2220	212	1
240	2220	1
2220	2223	1
100	2220	1
2220	579	1
2224	2225	1
2226	2225	1
2225	2227	1
2228	116	1
2229	2228	1
2228	2230	1
2231	2228	1
2228	1004	1
2228	2232	1
2228	150	1
2228	2150	1
2233	1728	1
2234	2233	1
2233	1898	1
2235	2236	1
329	329	1
212	329	1
440	1497	1
2237	440	1
639	440	1
440	170	1
1010	440	1
250	440	1
440	373	1
23	440	1
440	1217	1
440	1724	1
649	440	1
440	2203	1
558	440	1
1110	440	1
440	2238	1
440	148	1
440	2239	1
78	440	1
440	2240	1
440	630	1
2142	440	1
440	242	1
2241	2242	1
2242	1165	1
2242	2243	1
215	2242	1
2242	2244	1
2245	2246	1
2247	2246	1
2246	1678	1
420	2248	1
2248	2249	1
2248	862	1
2250	163	1
2250	1545	1
2250	2251	1
2250	53	1
2250	1266	1
1553	2250	1
166	2250	1
1557	2250	1
639	2252	1
108	2253	1
2253	2254	1
2255	2253	1
1078	2253	1
2256	2253	1
2257	2258	1
2259	2260	1
811	2261	1
2262	2261	1
2263	513	1
122	1723	1
1723	1497	1
1723	249	1
14	1723	1
1723	1632	1
1723	170	1
1723	302	1
1681	1723	1
1723	254	1
1723	2264	1
1110	1723	1
2251	1723	1
1723	2265	1
1723	2266	1
825	1723	1
1723	1014	1
2126	1723	1
1339	1723	1
1723	148	1
1684	1723	1
630	1723	1
254	254	1
254	2112	1
2267	2268	1
2267	183	1
2267	1169	1
2267	2269	1
130	2267	1
2267	790	1
54	2267	1
2267	57	1
272	2267	1
131	2267	1
132	2267	1
133	2267	1
2267	94	1
2270	2271	1
2272	1362	1
2272	1363	1
2273	2274	1
2275	2276	1
2277	14	1
2278	912	1
2279	234	1
2280	2279	1
711	2281	1
381	2281	1
116	2282	1
2282	333	1
2283	302	1
2283	592	1
1068	2283	1
1380	2283	1
210	2283	1
2283	2284	1
467	2283	1
1647	2283	1
185	2283	1
2283	131	1
1971	2283	1
68	2283	1
74	2283	1
2283	529	1
2283	83	1
2283	139	1
1799	2283	1
2283	94	1
108	2285	1
2286	770	1
152	2287	1
57	2288	1
1209	2288	1
2142	2288	1
152	1894	1
1203	2289	1
2290	1203	1
1203	1181	1
1248	1203	1
1799	1203	1
546	2291	1
2292	2293	1
2294	2293	1
170	2293	1
2293	2295	1
2296	2297	1
2298	2299	1
407	2300	1
2300	142	1
2301	2302	1
2303	2301	1
2301	2304	1
2301	1120	1
2301	2305	1
2306	2301	1
152	2307	1
1151	2307	1
1349	2308	1
2309	2310	1
1341	2311	1
1431	2312	1
166	2312	1
2313	2314	1
2314	880	1
143	2314	1
535	2315	1
2315	1512	1
2315	109	1
2316	2315	1
68	2315	1
2315	147	1
2315	2317	1
2318	2315	1
338	2319	1
2319	2320	1
2321	2322	1
2321	2323	1
2321	2125	1
147	2321	1
2321	2324	1
2321	512	1
555	2325	1
2325	2326	1
2327	122	1
2328	2329	1
771	2328	1
2326	2330	1
2331	2330	1
2330	2332	1
1122	2330	1
2333	171	1
2333	2333	1
147	2333	1
1277	1382	1
1382	840	1
104	1382	1
1382	54	1
1382	880	1
1382	74	1
75	1382	1
90	1382	1
242	1382	1
2334	2249	1
122	2249	1
5	2249	1
2335	2249	1
2336	2249	1
1883	2249	1
2249	170	1
2141	2249	1
2249	202	1
2337	2249	1
281	2249	1
2249	304	1
679	2249	1
2249	2338	1
2249	57	1
2339	2249	1
2340	2249	1
380	2249	1
2249	68	1
2249	182	1
2249	2341	1
2249	147	1
2249	75	1
2249	2342	1
1459	2249	1
2249	507	1
2343	2249	1
2344	922	1
1539	2344	1
116	2344	1
1545	2344	1
2344	30	1
54	2344	1
2344	152	1
2344	70	1
2344	1712	1
100	2344	1
609	302	1
2345	609	1
609	171	1
609	609	1
609	1510	1
609	147	1
609	507	1
2346	143	1
2347	2348	1
109	2348	1
57	2348	1
2348	139	1
2349	108	1
2150	2350	1
2036	2351	1
2352	2134	1
2352	2353	1
108	2354	1
234	1171	1
399	234	1
2355	234	1
2356	234	1
234	2357	1
10	234	1
234	2358	1
234	2359	1
2360	234	1
234	2345	1
234	2361	1
2147	234	1
1208	234	1
2362	234	1
2363	234	1
234	2364	1
234	1069	1
2365	234	1
234	33	1
234	234	1
2366	234	1
234	449	1
174	234	1
234	2367	1
2368	234	1
234	45	1
234	109	1
234	1042	1
234	481	1
234	485	1
234	2369	1
2370	234	1
234	2371	1
234	148	1
234	2081	1
2372	234	1
78	234	1
234	385	1
234	1355	1
2373	234	1
2374	234	1
2375	234	1
139	234	1
513	234	1
234	848	1
234	520	1
413	2376	1
2376	2376	1
2377	2378	1
1927	2379	1
1927	553	1
2380	2381	1
2382	295	1
147	2382	1
2382	2383	1
2384	317	1
1376	2384	1
2384	424	1
2255	2384	1
48	2384	1
54	2384	1
2384	78	1
2384	390	1
2384	516	1
674	2385	1
108	2385	1
2385	2386	1
2385	2387	1
2388	2385	1
147	1417	1
575	156	1
2389	575	1
575	1059	1
2390	1384	1
1494	1384	1
1537	1384	1
1384	317	1
1384	1848	1
1384	13	1
1384	2391	1
421	1384	1
1384	17	1
19	1384	1
2392	1384	1
1384	1690	1
1384	1958	1
1384	35	1
2393	1384	1
1384	2394	1
2395	1384	1
44	1384	1
1384	45	1
1384	338	1
1266	1384	1
1527	1384	1
1384	2396	1
1211	1384	1
70	1384	1
1384	74	1
2397	1384	1
1384	2398	1
1384	2399	1
2400	1384	1
1384	1207	1
1384	94	1
2401	108	1
2402	901	1
2403	163	1
1954	2403	1
231	2403	1
679	2403	1
629	2403	1
2404	2403	1
150	2403	1
529	2403	1
2403	2405	1
2403	2406	1
2403	1405	1
2407	2408	1
1701	1701	1
1701	147	1
2409	2410	1
2411	2409	1
2409	909	1
504	2409	1
2412	2413	1
420	2412	1
2412	332	1
2412	1129	1
2412	2414	1
535	2415	1
2415	542	1
2415	2416	1
2417	108	1
2418	198	1
1028	2418	1
2419	2420	1
2421	2422	1
2423	2424	1
2423	2425	1
2423	108	1
2423	2426	1
2423	611	1
711	2423	1
2423	2427	1
2423	133	1
2428	2423	1
14	1388	1
791	2429	1
2430	925	1
2431	400	1
2432	2431	1
2431	2433	1
2434	2431	1
2431	2435	1
2431	2436	1
2437	170	1
2438	2437	1
1112	2437	1
2437	472	1
2437	2439	1
2440	2272	1
2441	1208	1
1662	2441	1
1966	2441	1
75	2441	1
457	2442	1
2443	997	1
397	2444	1
2445	2444	1
2446	2444	1
2444	1799	1
210	542	1
1059	2447	1
156	2448	1
2448	1069	1
1361	2448	1
2448	2449	1
2450	2448	1
57	577	1
577	1352	1
577	2451	1
577	873	1
322	2452	1
2453	2452	1
1765	2454	1
2454	1043	1
108	2454	1
2455	2454	1
2456	2454	1
2454	1984	1
2457	2454	1
611	2454	1
2454	740	1
2454	2458	1
2459	2454	1
2460	183	1
256	2461	1
2461	1762	1
2461	793	1
202	1189	1
2462	2463	1
2464	2465	1
2464	2466	1
2464	2467	1
149	256	1
1964	2468	1
1964	399	1
1637	1964	1
1964	2469	1
2470	1513	1
2471	2472	1
2472	108	1
1071	2472	1
283	2472	1
2472	2236	1
2193	2473	1
2473	2474	1
2475	2476	1
2477	2475	1
2478	1152	1
90	75	1
2479	2480	1
2481	2479	1
526	2482	1
109	2482	1
2483	2482	1
2482	2484	1
94	2482	1
2485	2486	1
183	882	1
882	2487	1
882	1208	1
1036	882	1
882	2193	1
882	2488	1
2489	882	1
2150	882	1
882	882	1
1170	2490	1
2491	122	1
2491	2492	1
2491	2493	1
2491	2494	1
2491	535	1
1276	2491	1
2491	2495	1
256	2491	1
2491	1995	1
2496	2491	1
2497	2491	1
2498	2491	1
2491	1078	1
2491	57	1
2491	486	1
2491	1654	1
2491	2499	1
2491	2256	1
2491	843	1
2491	128	1
93	2491	1
2491	2041	1
922	2500	1
198	2500	1
2500	1545	1
2500	2501	1
2500	1244	1
869	2500	1
150	2500	1
68	2500	1
2500	2502	1
2500	630	1
1331	1477	1
1331	1328	1
170	1331	1
1329	1331	1
1331	1331	1
1802	2503	1
2503	1153	1
2503	420	1
2503	374	1
2503	1071	1
2504	2503	1
185	2503	1
505	2503	1
1792	2503	1
514	2503	1
2505	286	1
286	122	1
698	286	1
286	2506	1
2507	286	1
2508	286	1
286	2509	1
1065	286	1
286	374	1
1379	286	1
28	286	1
2350	286	1
2510	286	1
1018	286	1
286	185	1
286	2511	1
286	565	1
127	286	1
750	286	1
286	147	1
1132	286	1
286	2512	1
2398	286	1
2513	147	1
2514	2515	1
170	2515	1
2515	595	1
2515	1547	1
234	2515	1
2515	333	1
2515	2516	1
2515	1014	1
2515	136	1
2515	2517	1
2518	2515	1
2515	2519	1
2515	2520	1
2521	2515	1
1151	2515	1
2522	1362	1
2523	2524	1
2525	2298	1
108	1726	1
1726	2185	1
2526	1726	1
1726	1657	1
851	1726	1
2527	1726	1
1647	1726	1
2528	1726	1
402	2529	1
2530	1859	1
282	2531	1
1355	2531	1
1356	2531	1
2532	1820	1
2533	2532	1
428	2532	1
2532	2534	1
2532	1824	1
841	2532	1
2532	2535	1
2532	2536	1
2537	2203	1
2537	450	1
2537	454	1
2537	2538	1
2537	522	1
2539	2537	1
1428	2540	1
2541	2540	1
1821	2540	1
1545	2540	1
2540	32	1
256	2540	1
2540	2542	1
2251	2540	1
48	2540	1
338	2540	1
2540	1200	1
2540	629	1
826	2540	1
2540	1023	1
2540	136	1
1332	2540	1
2540	1856	1
63	2540	1
2540	1283	1
2540	0	1
2540	150	1
1090	2540	1
1777	2540	1
2540	2543	1
1574	2540	1
1929	2540	1
1059	2544	1
1163	2545	1
2546	2545	1
2547	316	1
249	2547	1
535	2547	1
2548	2547	1
659	2547	1
2547	216	1
2547	147	1
75	2547	1
2547	2549	1
519	2547	1
2550	2551	1
2550	2552	1
546	815	1
444	2553	1
2554	1839	1
725	2555	1
535	2555	1
2556	2555	1
2557	2555	1
2555	2318	1
1151	2555	1
1364	2558	1
2559	2558	1
2558	1202	1
2560	1059	1
1407	122	1
2561	1407	1
2562	1407	1
108	1407	1
2563	1407	1
2564	1407	1
1407	1069	1
1407	2565	1
1407	851	1
1407	104	1
71	1407	1
1407	2566	1
2567	1407	1
1407	2568	1
2547	1407	1
1929	1407	1
2569	1407	1
196	2570	1
2175	2570	1
202	2570	1
271	2570	1
2571	2570	1
2572	1701	1
2572	2573	1
2572	70	1
2574	729	1
2574	170	1
2574	1208	1
2575	2574	1
2574	851	1
1805	2574	1
2574	147	1
2576	2574	1
868	2090	1
152	2090	1
1557	163	1
555	1557	1
1557	1545	1
1557	655	1
152	1557	1
1557	2577	1
1557	2578	1
1557	166	1
630	1557	1
2359	516	1
516	1930	1
2579	516	1
2580	2270	1
2270	565	1
2270	147	1
2581	235	1
304	2581	1
213	2581	1
344	2581	1
1255	166	1
1255	2115	1
158	1255	1
1522	1255	1
2582	109	1
2582	2414	1
2517	2582	1
139	2582	1
514	2582	1
1122	2583	1
2584	2585	1
2584	2586	1
2587	2584	1
2584	2584	1
2584	1102	1
2588	2588	1
2589	122	1
476	2589	1
2589	2590	1
2589	1420	1
2589	715	1
2591	2592	1
2592	2593	1
2592	650	1
2592	2592	1
2594	1086	1
927	2595	1
112	2596	1
2510	2597	1
2597	2598	1
1864	2597	1
2599	121	1
877	2600	1
1377	2600	1
1671	2600	1
2319	2600	1
2600	558	1
2601	2600	1
2600	1023	1
2602	2600	1
2600	2603	1
2600	2604	1
2600	166	1
2605	2600	1
294	2606	1
294	1454	1
281	294	1
2607	2608	1
985	2609	1
2331	2609	1
2609	2610	1
2609	166	1
2611	925	1
2611	43	1
2612	1328	1
100	674	1
100	1539	1
2613	100	1
2614	100	1
100	2615	1
100	2616	1
100	2617	1
100	198	1
801	100	1
100	2618	1
2045	100	1
1185	100	1
100	1542	1
100	201	1
373	100	1
204	100	1
26	100	1
1011	100	1
100	442	1
100	234	1
100	558	1
100	453	1
718	100	1
100	2251	1
100	282	1
45	100	1
100	48	1
1789	100	1
100	185	1
276	100	1
100	58	1
106	100	1
2619	100	1
813	100	1
2620	100	1
100	68	1
69	100	1
100	894	1
240	100	1
81	100	1
100	2621	1
100	355	1
100	100	1
2622	2623	1
1632	2622	1
1010	2622	1
2622	1634	1
1771	579	1
579	2624	1
579	1497	1
579	183	1
108	579	1
579	1951	1
433	579	1
2625	579	1
1751	579	1
579	212	1
579	57	1
476	579	1
579	2001	1
2626	579	1
2627	579	1
579	579	1
2628	548	1
2628	2629	1
553	2628	1
2628	554	1
555	2628	1
271	2628	1
2628	566	1
2630	2628	1
2631	698	1
2631	14	1
1997	2631	1
234	2631	1
2631	1789	1
150	2631	1
2631	296	1
385	2631	1
85	2631	1
2632	2631	1
2631	2142	1
140	2633	1
140	467	1
140	2634	1
2635	2636	1
2635	1232	1
1264	144	0
1264	2077	0
1264	1480	0
1264	1513	0
1264	1240	0
1264	2366	0
1264	2185	0
1264	1782	0
1264	1440	0
1264	600	0
1264	1875	0
1264	1175	0
1264	2519	0
406	1308	0
406	698	0
406	2179	0
406	144	0
406	2077	0
406	1480	0
406	1513	0
406	1240	0
406	2366	0
406	2185	0
406	1782	0
406	1440	0
406	600	0
406	1875	0
406	1175	0
406	2519	0
612	1308	0
612	698	0
612	2179	0
612	144	0
612	2077	0
612	1480	0
612	1513	0
612	1240	0
612	2366	0
612	2185	0
612	1782	0
612	1440	0
612	600	0
612	1875	0
612	1175	0
612	2519	0
1416	1308	0
1416	698	0
1416	2179	0
1416	144	0
1416	2077	0
1416	1480	0
1416	1513	0
1416	1240	0
1416	2366	0
1416	2185	0
1416	1782	0
1416	1440	0
1416	600	0
1416	1875	0
1416	1175	0
1416	2519	0
417	1308	0
417	698	0
417	2179	0
417	144	0
417	2077	0
417	1480	0
417	1513	0
417	1240	0
417	2366	0
417	2185	0
417	1782	0
417	1440	0
417	600	0
417	1875	0
417	1175	0
417	2519	0
2637	1308	0
2637	698	0
2637	2179	0
2637	144	0
2637	2077	0
2637	1480	0
2637	1513	0
2637	1240	0
2637	2366	0
2637	2185	0
2637	1782	0
2637	1440	0
2637	600	0
2637	1875	0
2637	1175	0
2637	2519	0
294	1308	0
294	698	0
294	2179	0
294	144	0
294	2077	0
294	1480	0
294	1513	0
294	1240	0
294	2366	0
294	2185	0
294	1782	0
294	1440	0
294	600	0
294	1875	0
294	1175	0
294	2519	0
1454	1308	0
1454	698	0
1454	2179	0
1454	144	0
1454	2077	0
1454	1480	0
1454	1513	0
1454	1240	0
1454	2366	0
1454	2185	0
1454	1782	0
1454	1440	0
1454	600	0
1454	1875	0
1454	1175	0
1454	2519	0
2507	1308	0
2507	698	0
2507	2179	0
2507	144	0
2507	2077	0
2507	1480	0
2507	1513	0
2507	1240	0
2507	2366	0
2507	2185	0
2507	1782	0
2507	1440	0
2507	600	0
2507	1875	0
2507	1175	0
2507	2519	0
1409	1308	0
1409	698	0
1409	2179	0
1409	144	0
1409	2077	0
1409	1480	0
1409	1513	0
1409	1240	0
1409	2366	0
1409	2185	0
1409	1782	0
1409	1440	0
1409	600	0
1409	1875	0
1409	1175	0
1409	2519	0
1809	1308	0
1809	698	0
1809	2179	0
1809	144	0
1809	2077	0
1809	1480	0
1809	1513	0
1809	1240	0
1809	2366	0
1809	2185	0
1809	1782	0
1809	1440	0
1809	600	0
1809	1875	0
1809	1175	0
1809	2519	0
2367	1308	0
2367	698	0
2367	2179	0
2367	144	0
2367	2077	0
2367	1480	0
2367	1513	0
2367	1240	0
2367	2366	0
2367	2185	0
2367	1782	0
2367	1440	0
2367	600	0
2367	1875	0
2367	1175	0
2367	2519	0
107	1308	0
107	698	0
107	2179	0
107	144	0
107	2077	0
107	1480	0
107	1513	0
107	1240	0
107	2366	0
107	2185	0
107	1782	0
107	1440	0
107	600	0
107	1875	0
107	1175	0
107	2519	0
750	1308	0
750	698	0
750	2179	0
750	144	0
750	2077	0
750	1480	0
750	1513	0
750	1240	0
750	2366	0
750	2185	0
750	1782	0
750	1440	0
750	600	0
750	1875	0
750	1175	0
750	2519	0
962	1308	0
962	698	0
962	2179	0
962	144	0
962	2077	0
962	1480	0
962	1513	0
962	1240	0
962	2366	0
962	2185	0
962	1782	0
962	1440	0
962	600	0
962	1875	0
962	1175	0
962	2519	0
2197	1308	0
2197	698	0
2197	2179	0
2197	144	0
2197	2077	0
2197	1480	0
2197	1513	0
2197	1240	0
2197	2366	0
2197	2185	0
2197	1782	0
2197	1440	0
2197	600	0
2197	1875	0
2197	1175	0
2197	2519	0
299	1308	0
299	698	0
299	2179	0
299	144	0
299	2077	0
299	1480	0
299	1513	0
299	1240	0
299	2366	0
299	2185	0
299	1782	0
299	1440	0
299	600	0
299	1875	0
299	1175	0
299	2519	0
446	1308	0
446	698	0
446	2179	0
446	144	0
446	2077	0
446	1480	0
446	1513	0
446	1240	0
446	2366	0
446	2185	0
446	1782	0
446	1440	0
446	600	0
446	1875	0
446	1175	0
446	2519	0
622	1308	0
622	698	0
622	2179	0
622	144	0
622	2077	0
622	1480	0
622	1513	0
622	1240	0
622	2366	0
622	2185	0
622	1782	0
622	1440	0
622	600	0
622	1875	0
622	1175	0
622	2519	0
654	1308	0
654	698	0
654	2179	0
654	144	0
654	2077	0
654	1480	0
654	1513	0
654	1240	0
654	2366	0
654	2185	0
654	1782	0
654	1440	0
654	600	0
654	1875	0
654	1175	0
654	2519	0
883	1308	0
883	698	0
883	2179	0
883	144	0
883	2077	0
883	1480	0
883	1513	0
883	1240	0
883	2366	0
883	2185	0
883	1782	0
883	1440	0
883	600	0
883	1875	0
883	1175	0
883	2519	0
622	1308	0
622	698	0
622	2179	0
622	144	0
622	2077	0
622	1480	0
622	1513	0
622	1240	0
622	2366	0
622	2185	0
622	1782	0
622	1440	0
622	600	0
622	1875	0
622	1175	0
622	2519	0
937	1308	0
937	698	0
937	2179	0
937	144	0
937	2077	0
937	1480	0
937	1513	0
937	1240	0
937	2366	0
937	2185	0
937	1782	0
937	1440	0
937	600	0
937	1875	0
937	1175	0
937	2519	0
1007	1308	0
1007	698	0
1007	2179	0
1007	144	0
1007	2077	0
1007	1480	0
1007	1513	0
1007	1240	0
1007	2366	0
1007	2185	0
1007	1782	0
1007	1440	0
1007	600	0
1007	1875	0
1007	1175	0
1007	2519	0
1319	1308	0
1319	698	0
1319	2179	0
1319	144	0
1319	2077	0
1319	1480	0
1319	1513	0
1319	1240	0
1319	2366	0
1319	2185	0
1319	1782	0
1319	1440	0
1319	600	0
1319	1875	0
1319	1175	0
1319	2519	0
1397	1308	0
1397	698	0
1397	2179	0
1397	144	0
1397	2077	0
1397	1480	0
1397	1513	0
1397	1240	0
1397	2366	0
1397	2185	0
1397	1782	0
1397	1440	0
1397	600	0
1397	1875	0
1397	1175	0
1397	2519	0
2618	179	0
2618	1645	0
2618	2475	0
2618	218	0
2618	280	0
2618	565	0
2618	1348	0
2618	2112	0
2618	1851	0
2618	1876	0
2618	2499	0
2618	1134	0
2618	537	0
2618	1894	0
2618	117	0
2618	2417	0
818	179	0
818	1645	0
818	2475	0
818	218	0
818	280	0
818	565	0
818	1348	0
818	2112	0
818	1851	0
818	1876	0
818	2499	0
818	1134	0
818	537	0
818	1894	0
818	117	0
818	2417	0
381	179	0
381	1645	0
381	2475	0
381	218	0
381	280	0
381	565	0
381	1348	0
381	2112	0
381	1851	0
381	1876	0
381	2499	0
381	1134	0
381	537	0
381	1894	0
381	117	0
381	2417	0
1812	179	0
1812	1645	0
1812	2475	0
1812	218	0
1812	280	0
1812	565	0
1812	1348	0
1812	2112	0
1812	1851	0
1812	1876	0
1812	2499	0
1812	1134	0
1812	537	0
1812	1894	0
1812	117	0
1812	2417	0
2331	179	0
2331	1645	0
2331	2475	0
2331	218	0
2331	280	0
2331	565	0
2331	1348	0
2331	2112	0
2331	1851	0
2331	1876	0
2331	2499	0
2331	1134	0
2331	537	0
2331	1894	0
2331	117	0
2331	2417	0
1180	179	0
1180	1645	0
1180	2475	0
1180	218	0
1180	280	0
1180	565	0
1180	1348	0
1180	2112	0
1180	1851	0
1180	1876	0
1180	2499	0
1180	1134	0
1180	537	0
1180	1894	0
1180	117	0
1180	2417	0
2579	179	0
2579	1645	0
2579	2475	0
2579	218	0
2579	280	0
2579	565	0
2579	1348	0
2579	2112	0
2579	1851	0
2579	1876	0
2579	2499	0
2579	1134	0
2579	537	0
2579	1894	0
2579	117	0
2579	2417	0
2131	179	0
2131	1645	0
2131	2475	0
2131	218	0
2131	280	0
2131	565	0
2131	1348	0
2131	2112	0
2131	1851	0
2131	1876	0
2131	2499	0
2131	1134	0
2131	537	0
2131	1894	0
2131	117	0
2131	2417	0
533	179	0
533	1645	0
533	2475	0
533	218	0
533	280	0
533	565	0
533	1348	0
533	2112	0
533	1851	0
533	1876	0
533	2499	0
533	1134	0
533	1894	0
533	117	0
533	2417	0
1693	179	0
1693	1645	0
1693	2475	0
1693	218	0
1693	280	0
1693	565	0
1693	1348	0
1693	2112	0
1693	1851	0
1693	1876	0
1693	2499	0
1693	1134	0
1693	537	0
1693	1894	0
1693	117	0
1693	2417	0
216	179	0
216	1645	0
216	2475	0
216	218	0
216	280	0
216	565	0
216	1348	0
216	2112	0
216	1851	0
216	1876	0
216	2499	0
216	1134	0
216	537	0
216	1894	0
216	117	0
216	2417	0
1591	179	0
1591	1645	0
1591	2475	0
1591	218	0
1591	280	0
1591	565	0
1591	1348	0
1591	2112	0
1591	1851	0
1591	1876	0
1591	2499	0
1591	1134	0
1591	537	0
1591	1894	0
1591	117	0
1591	2417	0
1820	179	0
1820	1645	0
1820	2475	0
1820	218	0
1820	280	0
1820	565	0
1820	1348	0
1820	2112	0
1820	1851	0
1820	1876	0
1820	2499	0
1820	1134	0
1820	537	0
1820	1894	0
1820	117	0
1820	2417	0
1384	179	0
1384	1645	0
1384	2475	0
1384	218	0
1384	280	0
1384	565	0
1384	1348	0
1384	2112	0
1384	1851	0
1384	1876	0
1384	2499	0
1384	1134	0
1384	537	0
1384	1894	0
1384	117	0
1384	2417	0
194	179	0
194	1645	0
194	2475	0
194	280	0
194	565	0
194	1348	0
194	2112	0
194	1851	0
194	1876	0
194	2499	0
194	1134	0
194	537	0
194	1894	0
194	117	0
194	2417	0
2422	179	0
2422	1645	0
2422	2475	0
2422	218	0
2422	280	0
2422	565	0
2422	1348	0
2422	2112	0
2422	1851	0
2422	1876	0
2422	2499	0
2422	1134	0
2422	537	0
2422	1894	0
2422	117	0
2422	2417	0
1071	179	0
1071	1645	0
1071	2475	0
1071	218	0
1071	280	0
1071	565	0
1071	1348	0
1071	2112	0
1071	1851	0
1071	1876	0
1071	2499	0
1071	1134	0
1071	537	0
1071	1894	0
1071	117	0
1071	2417	0
2485	179	0
2485	1645	0
2485	2475	0
2485	218	0
2485	280	0
2485	565	0
2485	1348	0
2485	2112	0
2485	1851	0
2485	1876	0
2485	2499	0
2485	1134	0
2485	537	0
2485	1894	0
2485	117	0
2485	2417	0
1283	179	0
1283	1645	0
1283	2475	0
1283	218	0
1283	280	0
1283	565	0
1283	1348	0
1283	2112	0
1283	1851	0
1283	1876	0
1283	2499	0
1283	1134	0
1283	537	0
1283	1894	0
1283	117	0
1283	2417	0
271	179	0
271	1645	0
271	2475	0
271	218	0
271	280	0
271	565	0
271	1348	0
271	2112	0
271	1851	0
271	1876	0
271	2499	0
271	1134	0
271	537	0
271	1894	0
271	117	0
271	2417	0
1266	179	0
1266	1645	0
1266	2475	0
1266	218	0
1266	280	0
1266	565	0
1266	1348	0
1266	2112	0
1266	1851	0
1266	1876	0
1266	2499	0
1266	1134	0
1266	537	0
1266	1894	0
1266	117	0
1266	2417	0
2170	179	0
2170	1645	0
2170	2475	0
2170	218	0
2170	280	0
2170	565	0
2170	1348	0
2170	2112	0
2170	1851	0
2170	1876	0
2170	2499	0
2170	1134	0
2170	537	0
2170	1894	0
2170	117	0
2170	2417	0
32	179	0
32	1645	0
32	2475	0
32	218	0
32	280	0
32	565	0
32	1348	0
32	2112	0
32	1851	0
32	1876	0
32	2499	0
32	1134	0
32	537	0
32	1894	0
32	117	0
32	2417	0
461	179	0
461	1645	0
461	2475	0
461	218	0
461	280	0
461	565	0
461	1348	0
461	2112	0
461	1851	0
461	1876	0
461	2499	0
461	1134	0
461	537	0
461	1894	0
461	117	0
461	2417	0
428	179	0
428	1645	0
428	2475	0
428	218	0
428	280	0
428	565	0
428	1348	0
428	2112	0
428	1851	0
428	1876	0
428	2499	0
428	1134	0
428	537	0
428	1894	0
428	117	0
428	2417	0
19	179	0
19	1645	0
19	2475	0
19	218	0
19	280	0
19	565	0
19	1348	0
19	2112	0
19	1851	0
19	1876	0
19	2499	0
19	1134	0
19	537	0
19	1894	0
19	117	0
19	2417	0
1527	179	0
1527	1645	0
1527	2475	0
1527	218	0
1527	280	0
1527	565	0
1527	1348	0
1527	2112	0
1527	1851	0
1527	1876	0
1527	2499	0
1527	1134	0
1527	537	0
1527	1894	0
1527	117	0
1527	2417	0
526	179	0
526	1645	0
526	2475	0
526	218	0
526	280	0
526	565	0
526	1348	0
526	2112	0
526	1851	0
526	1876	0
526	2499	0
526	1134	0
526	537	0
526	1894	0
526	117	0
526	2417	0
1221	179	0
1221	1645	0
1221	2475	0
1221	218	0
1221	280	0
1221	565	0
1221	1348	0
1221	2112	0
1221	1851	0
1221	1876	0
1221	2499	0
1221	1134	0
1221	1894	0
1221	117	0
1221	2417	0
2093	374	0
2093	1308	0
2093	698	0
2093	2179	0
2093	144	0
2093	2077	0
2093	1480	0
2093	1513	0
2093	1240	0
2093	2366	0
2093	2185	0
2093	1782	0
2093	1440	0
2093	600	0
2093	1875	0
2093	1175	0
2093	2519	0
2033	374	0
2033	1308	0
2033	698	0
2033	2179	0
2033	144	0
2033	2077	0
2033	1480	0
2033	1513	0
2033	1240	0
2033	2366	0
2033	2185	0
2033	1782	0
2033	1440	0
2033	600	0
2033	1875	0
2033	1175	0
2033	2519	0
2321	374	0
2321	1308	0
2321	698	0
2321	2179	0
2321	144	0
2321	2077	0
2321	1480	0
2321	1513	0
2321	1240	0
2321	2366	0
2321	2185	0
2321	1782	0
2321	1440	0
2321	600	0
2321	1875	0
2321	1175	0
2321	2519	0
899	374	0
899	1308	0
899	698	0
899	2179	0
899	144	0
899	2077	0
899	1480	0
899	1513	0
899	1240	0
899	2366	0
899	2185	0
899	1782	0
899	1440	0
899	600	0
899	1875	0
899	1175	0
899	2519	0
848	374	0
848	1308	0
848	698	0
848	2179	0
848	144	0
848	2077	0
848	1480	0
848	1513	0
848	1240	0
848	2366	0
848	2185	0
848	1782	0
848	1440	0
848	600	0
848	1875	0
848	1175	0
848	2519	0
997	374	0
997	1308	0
997	698	0
997	2179	0
997	144	0
997	2077	0
997	1480	0
997	1513	0
997	1240	0
997	2366	0
997	2185	0
997	1782	0
997	1440	0
997	600	0
997	1875	0
997	1175	0
997	2519	0
1438	374	0
1438	1308	0
1438	698	0
1438	2179	0
1438	144	0
1438	2077	0
1438	1480	0
1438	1513	0
1438	1240	0
1438	2366	0
1438	2185	0
1438	1782	0
1438	1440	0
1438	600	0
1438	1875	0
1438	1175	0
1438	2519	0
1512	374	0
1512	1308	0
1512	698	0
1512	2179	0
1512	144	0
1512	2077	0
1512	1480	0
1512	1513	0
1512	1240	0
1512	2366	0
1512	2185	0
1512	1782	0
1512	1440	0
1512	600	0
1512	1875	0
1512	1175	0
1512	2519	0
123	374	0
123	1308	0
123	698	0
123	2179	0
123	144	0
123	2077	0
123	1480	0
123	1513	0
123	1240	0
123	2366	0
123	2185	0
123	1782	0
123	1440	0
123	600	0
123	1875	0
123	1175	0
123	2519	0
938	374	0
938	1308	0
938	698	0
938	2179	0
938	144	0
938	2077	0
938	1480	0
938	1513	0
938	1240	0
938	2366	0
938	2185	0
938	1782	0
938	1440	0
938	600	0
938	1875	0
938	1175	0
938	2519	0
2592	374	0
2592	1308	0
2592	698	0
2592	2179	0
2592	144	0
2592	2077	0
2592	1480	0
2592	1513	0
2592	1240	0
2592	2366	0
2592	2185	0
2592	1782	0
2592	1440	0
2592	600	0
2592	1875	0
2592	1175	0
2592	2519	0
939	374	0
939	1308	0
939	698	0
939	2179	0
939	144	0
939	2077	0
939	1480	0
939	1513	0
939	1240	0
939	2366	0
939	2185	0
939	1782	0
939	1440	0
939	600	0
939	1875	0
939	1175	0
939	2519	0
1750	374	0
1750	1308	0
1750	698	0
1750	2179	0
1750	144	0
1750	2077	0
1750	1480	0
1750	1513	0
1750	1240	0
1750	2366	0
1750	2185	0
1750	1782	0
1750	1440	0
1750	600	0
1750	1875	0
1750	1175	0
1750	2519	0
2327	374	0
2327	1308	0
2327	698	0
2327	2179	0
2327	144	0
2327	2077	0
2327	1480	0
2327	1513	0
2327	1240	0
2327	2366	0
2327	2185	0
2327	1782	0
2327	1440	0
2327	600	0
2327	1875	0
2327	1175	0
2327	2519	0
536	374	0
536	1308	0
536	698	0
536	2179	0
536	144	0
536	2077	0
536	1480	0
536	1513	0
536	1240	0
536	2366	0
536	2185	0
536	1782	0
536	1440	0
536	600	0
536	1875	0
536	1175	0
536	2519	0
1355	374	0
1355	1308	0
1355	698	0
1355	2179	0
1355	144	0
1355	2077	0
1355	1480	0
1355	1513	0
1355	1240	0
1355	2366	0
1355	2185	0
1355	1782	0
1355	1440	0
1355	600	0
1355	1875	0
1355	1175	0
1355	2519	0
592	374	0
592	1308	0
592	698	0
592	2179	0
592	144	0
592	2077	0
592	1480	0
592	1513	0
592	1240	0
592	2366	0
592	2185	0
592	1782	0
592	1440	0
592	600	0
592	1875	0
592	1175	0
592	2519	0
333	374	0
333	1308	0
333	698	0
333	2179	0
333	144	0
333	2077	0
333	1480	0
333	1513	0
333	1240	0
333	2366	0
333	2185	0
333	1782	0
333	1440	0
333	600	0
333	1875	0
333	1175	0
333	2519	0
545	374	0
545	1308	0
545	698	0
545	2179	0
545	144	0
545	2077	0
545	1480	0
545	1513	0
545	1240	0
545	2366	0
545	2185	0
545	1782	0
545	1440	0
545	600	0
545	1875	0
545	1175	0
545	2519	0
674	374	0
674	1308	0
674	698	0
674	2179	0
674	144	0
674	2077	0
674	1480	0
674	1513	0
674	1240	0
674	2366	0
674	2185	0
674	1782	0
674	1440	0
674	600	0
674	1875	0
674	1175	0
674	2519	0
126	374	0
126	1308	0
126	698	0
126	2179	0
126	144	0
126	2077	0
126	1480	0
126	1513	0
126	1240	0
126	2366	0
126	2185	0
126	1782	0
126	1440	0
126	600	0
126	1875	0
126	1175	0
126	2519	0
1376	374	0
1376	1308	0
1376	698	0
1376	2179	0
1376	144	0
1376	2077	0
1376	1480	0
1376	1513	0
1376	1240	0
1376	2366	0
1376	2185	0
1376	1782	0
1376	1440	0
1376	600	0
1376	1875	0
1376	1175	0
1376	2519	0
2190	374	0
2190	1308	0
2190	698	0
2190	2179	0
2190	144	0
2190	2077	0
2190	1480	0
2190	1513	0
2190	1240	0
2190	2366	0
2190	2185	0
2190	1782	0
2190	1440	0
2190	600	0
2190	1875	0
2190	1175	0
2190	2519	0
977	374	0
977	1308	0
977	698	0
977	2179	0
977	144	0
977	2077	0
977	1480	0
977	1513	0
977	1240	0
977	2366	0
977	2185	0
977	1782	0
977	1440	0
977	600	0
977	1875	0
977	1175	0
977	2519	0
1821	374	0
1821	1308	0
1821	698	0
1821	2179	0
1821	144	0
1821	2077	0
1821	1480	0
1821	1513	0
1821	1240	0
1821	2366	0
1821	2185	0
1821	1782	0
1821	1440	0
1821	600	0
1821	1875	0
1821	1175	0
1821	2519	0
502	374	0
502	1308	0
502	698	0
502	2179	0
502	144	0
502	2077	0
502	1480	0
502	1513	0
502	1240	0
502	2366	0
502	2185	0
502	1782	0
502	1440	0
502	600	0
502	1875	0
502	1175	0
502	2519	0
249	374	0
249	1308	0
249	698	0
249	2179	0
249	144	0
249	2077	0
249	1480	0
249	1513	0
249	1240	0
249	2366	0
249	2185	0
249	1782	0
249	1440	0
249	600	0
249	1875	0
249	1175	0
249	2519	0
650	374	0
650	1308	0
650	698	0
650	2179	0
650	144	0
650	2077	0
650	1480	0
650	1513	0
650	1240	0
650	2366	0
650	2185	0
650	1782	0
650	1440	0
650	600	0
650	1875	0
650	1175	0
650	2519	0
826	179	0
826	1645	0
826	2475	0
826	218	0
826	280	0
826	565	0
826	1348	0
826	2112	0
826	1851	0
826	1876	0
826	2499	0
826	1134	0
826	537	0
826	1894	0
826	117	0
826	2417	0
611	179	0
611	1645	0
611	2475	0
611	218	0
611	280	0
611	565	0
611	1348	0
611	2112	0
611	1851	0
611	1876	0
611	2499	0
611	1134	0
611	537	0
611	1894	0
611	117	0
611	2417	0
2479	179	0
2479	1645	0
2479	2475	0
2479	218	0
2479	280	0
2479	565	0
2479	1348	0
2479	2112	0
2479	1851	0
2479	1876	0
2479	2499	0
2479	1134	0
2479	537	0
2479	1894	0
2479	117	0
2479	2417	0
2480	179	0
2480	1645	0
2480	2475	0
2480	218	0
2480	280	0
2480	565	0
2480	1348	0
2480	2112	0
2480	1851	0
2480	1876	0
2480	2499	0
2480	1134	0
2480	537	0
2480	1894	0
2480	117	0
2480	2417	0
881	179	0
881	1645	0
881	2475	0
881	218	0
881	280	0
881	565	0
881	1348	0
881	2112	0
881	1851	0
881	1876	0
881	2499	0
881	1134	0
881	537	0
881	1894	0
881	117	0
881	2417	0
122	179	0
122	1645	0
122	2475	0
122	218	0
122	280	0
122	565	0
122	1348	0
122	2112	0
122	1851	0
122	1876	0
122	2499	0
122	1134	0
122	537	0
122	1894	0
122	117	0
122	2417	0
1656	179	0
1656	1645	0
1656	2475	0
1656	218	0
1656	280	0
1656	565	0
1656	1348	0
1656	2112	0
1656	1851	0
1656	1876	0
1656	2499	0
1656	1134	0
1656	537	0
1656	1894	0
1656	117	0
1656	2417	0
2516	179	0
2516	1645	0
2516	2475	0
2516	218	0
2516	280	0
2516	565	0
2516	1348	0
2516	2112	0
2516	1851	0
2516	1876	0
2516	2499	0
2516	1134	0
2516	537	0
2516	1894	0
2516	117	0
2516	2417	0
523	179	0
523	1645	0
523	2475	0
523	218	0
523	280	0
523	565	0
523	1348	0
523	2112	0
523	1851	0
523	1876	0
523	2499	0
523	1134	0
523	537	0
523	1894	0
523	117	0
523	2417	0
665	179	0
665	1645	0
665	2475	0
665	218	0
665	280	0
665	565	0
665	1348	0
665	2112	0
665	1851	0
665	1876	0
665	2499	0
665	1134	0
665	537	0
665	1894	0
665	117	0
665	2417	0
1983	179	0
1983	1645	0
1983	2475	0
1983	218	0
1983	280	0
1983	565	0
1983	1348	0
1983	2112	0
1983	1851	0
1983	1876	0
1983	2499	0
1983	1134	0
1983	537	0
1983	1894	0
1983	117	0
1983	2417	0
440	179	0
440	1645	0
440	2475	0
440	218	0
440	280	0
440	565	0
440	1348	0
440	2112	0
440	1851	0
440	1876	0
440	2499	0
440	1134	0
440	537	0
440	1894	0
440	117	0
440	2417	0
1571	374	0
1571	1308	0
1571	698	0
1571	2179	0
1571	144	0
1571	2077	0
1571	1480	0
1571	1513	0
1571	1240	0
1571	2366	0
1571	2185	0
1571	1782	0
1571	1440	0
1571	600	0
1571	1875	0
1571	1175	0
1571	2519	0
900	374	0
900	1308	0
900	698	0
900	2179	0
900	144	0
900	2077	0
900	1480	0
900	1513	0
900	1240	0
900	2366	0
900	2185	0
900	1782	0
900	1440	0
900	600	0
900	1875	0
900	1175	0
900	2519	0
1199	374	0
1199	1308	0
1199	698	0
1199	2179	0
1199	144	0
1199	2077	0
1199	1480	0
1199	1513	0
1199	1240	0
1199	2366	0
1199	2185	0
1199	1782	0
1199	1440	0
1199	600	0
1199	1875	0
1199	1175	0
1199	2519	0
1655	374	0
1655	1308	0
1655	698	0
1655	2179	0
1655	144	0
1655	2077	0
1655	1480	0
1655	1513	0
1655	1240	0
1655	2366	0
1655	2185	0
1655	1782	0
1655	1440	0
1655	600	0
1655	1875	0
1655	1175	0
1655	2519	0
808	374	0
808	1308	0
808	698	0
808	2179	0
808	144	0
808	2077	0
808	1480	0
808	1513	0
808	1240	0
808	2366	0
808	2185	0
808	1782	0
808	1440	0
808	600	0
808	1875	0
808	1175	0
808	2519	0
2512	374	0
2512	1308	0
2512	698	0
2512	2179	0
2512	144	0
2512	2077	0
2512	1480	0
2512	1513	0
2512	1240	0
2512	2366	0
2512	2185	0
2512	1782	0
2512	1440	0
2512	600	0
2512	1875	0
2512	1175	0
2512	2519	0
2574	374	0
2574	1308	0
2574	698	0
2574	2179	0
2574	144	0
2574	2077	0
2574	1480	0
2574	1513	0
2574	1240	0
2574	2366	0
2574	2185	0
2574	1782	0
2574	1440	0
2574	600	0
2574	1875	0
2574	1175	0
2574	2519	0
2141	374	0
2141	1308	0
2141	698	0
2141	2179	0
2141	144	0
2141	2077	0
2141	1480	0
2141	1513	0
2141	1240	0
2141	2366	0
2141	2185	0
2141	1782	0
2141	1440	0
2141	600	0
2141	1875	0
2141	1175	0
2141	2519	0
279	374	0
279	1308	0
279	698	0
279	2179	0
279	144	0
279	2077	0
279	1480	0
279	1513	0
279	1240	0
279	2366	0
279	2185	0
279	1782	0
279	1440	0
279	600	0
279	1875	0
279	1175	0
279	2519	0
2392	374	0
2392	1308	0
2392	698	0
2392	2179	0
2392	144	0
2392	2077	0
2392	1480	0
2392	1513	0
2392	1240	0
2392	2366	0
2392	2185	0
2392	1782	0
2392	1440	0
2392	600	0
2392	1875	0
2392	1175	0
2392	2519	0
1637	374	0
1637	1308	0
1637	698	0
1637	2179	0
1637	144	0
1637	2077	0
1637	1480	0
1637	1513	0
1637	1240	0
1637	2366	0
1637	2185	0
1637	1782	0
1637	1440	0
1637	600	0
1637	1875	0
1637	1175	0
1637	2519	0
2481	374	0
2481	1308	0
2481	698	0
2481	2179	0
2481	144	0
2481	2077	0
2481	1480	0
2481	1513	0
2481	1240	0
2481	2366	0
2481	2185	0
2481	1782	0
2481	1440	0
2481	600	0
2481	1875	0
2481	1175	0
2481	2519	0
2210	2618	0
2210	818	0
2210	381	0
2210	1812	0
2210	2331	0
2210	1180	0
2210	2579	0
2210	2131	0
2210	533	0
2210	1693	0
2210	216	0
2210	1591	0
2210	1820	0
2210	1384	0
2210	194	0
2210	2422	0
2210	1071	0
2210	2485	0
2210	1283	0
2210	271	0
2210	1266	0
2210	2170	0
2210	32	0
2210	461	0
2210	428	0
2210	19	0
2210	1527	0
2210	526	0
1867	2618	0
1867	818	0
1867	381	0
1867	1812	0
1867	2331	0
1867	1180	0
1867	2579	0
1867	2131	0
1867	533	0
1867	1693	0
1867	216	0
1867	1591	0
1867	1820	0
1867	1384	0
1867	194	0
1867	2422	0
1867	1071	0
1867	2485	0
1867	1283	0
1867	271	0
1867	1266	0
1867	2170	0
1867	32	0
1867	461	0
1867	428	0
1867	19	0
1867	1527	0
1867	526	0
862	2618	0
862	818	0
862	381	0
862	1812	0
862	2331	0
862	1180	0
862	2579	0
862	2131	0
862	533	0
862	1693	0
862	216	0
862	1591	0
862	1820	0
862	1384	0
862	194	0
862	2422	0
862	1071	0
862	2485	0
862	1283	0
862	271	0
862	1266	0
862	2170	0
862	32	0
862	461	0
862	428	0
862	19	0
862	1527	0
862	526	0
140	2618	0
140	818	0
140	381	0
140	1812	0
140	2331	0
140	1180	0
140	2579	0
140	2131	0
140	533	0
140	1693	0
140	216	0
140	1591	0
140	1820	0
140	1384	0
140	194	0
140	2422	0
140	1071	0
140	2485	0
140	1283	0
140	271	0
140	1266	0
140	2170	0
140	32	0
140	461	0
140	428	0
140	19	0
140	1527	0
140	526	0
898	2618	0
898	818	0
898	381	0
898	1812	0
898	2331	0
898	1180	0
898	2579	0
898	2131	0
898	533	0
898	1693	0
898	216	0
898	1591	0
898	1820	0
898	1384	0
898	194	0
898	2422	0
898	1071	0
898	2485	0
898	1283	0
898	271	0
898	1266	0
898	2170	0
898	32	0
898	461	0
898	428	0
898	19	0
898	1527	0
898	526	0
241	2618	0
241	818	0
241	381	0
241	1812	0
241	2331	0
241	1180	0
241	2579	0
241	2131	0
241	533	0
241	1693	0
241	216	0
241	1591	0
241	1820	0
241	1384	0
241	194	0
241	2422	0
241	1071	0
241	2485	0
241	1283	0
241	271	0
241	1266	0
241	2170	0
241	32	0
241	461	0
241	428	0
241	19	0
241	1527	0
241	526	0
1382	2618	0
1382	818	0
1382	381	0
1382	1812	0
1382	2331	0
1382	1180	0
1382	2579	0
1382	2131	0
1382	533	0
1382	1693	0
1382	216	0
1382	1591	0
1382	1820	0
1382	1384	0
1382	194	0
1382	2422	0
1382	1071	0
1382	2485	0
1382	1283	0
1382	271	0
1382	1266	0
1382	2170	0
1382	32	0
1382	461	0
1382	428	0
1382	19	0
1382	1527	0
1382	526	0
634	2618	0
634	818	0
634	381	0
634	1812	0
634	2331	0
634	1180	0
634	2579	0
634	2131	0
634	533	0
634	1693	0
634	216	0
634	1591	0
634	1820	0
634	1384	0
634	194	0
634	2422	0
634	1071	0
634	2485	0
634	1283	0
634	271	0
634	1266	0
634	2170	0
634	32	0
634	461	0
634	428	0
634	19	0
634	1527	0
634	526	0
761	2618	0
761	818	0
761	381	0
761	1812	0
761	2331	0
761	1180	0
761	2579	0
761	2131	0
761	533	0
761	1693	0
761	216	0
761	1591	0
761	1820	0
761	1384	0
761	194	0
761	2422	0
761	1071	0
761	2485	0
761	1283	0
761	271	0
761	1266	0
761	2170	0
761	32	0
761	461	0
761	428	0
761	19	0
761	1527	0
761	526	0
1801	2618	0
1801	818	0
1801	381	0
1801	1812	0
1801	2331	0
1801	1180	0
1801	2579	0
1801	2131	0
1801	533	0
1801	1693	0
1801	216	0
1801	1591	0
1801	1820	0
1801	1384	0
1801	194	0
1801	2422	0
1801	1071	0
1801	2485	0
1801	1283	0
1801	271	0
1801	1266	0
1801	2170	0
1801	32	0
1801	461	0
1801	428	0
1801	19	0
1801	1527	0
1801	526	0
714	2618	0
714	818	0
714	381	0
714	1812	0
714	2331	0
714	1180	0
714	2579	0
714	2131	0
714	533	0
714	1693	0
714	216	0
714	1591	0
714	1820	0
714	1384	0
714	194	0
714	2422	0
714	1071	0
714	2485	0
714	1283	0
714	271	0
714	1266	0
714	2170	0
714	32	0
714	461	0
714	428	0
714	19	0
714	1527	0
714	526	0
2489	2618	0
2489	818	0
2489	381	0
2489	1812	0
2489	2331	0
2489	1180	0
2489	2579	0
2489	2131	0
2489	533	0
2489	1693	0
2489	216	0
2489	1591	0
2489	1820	0
2489	1384	0
2489	194	0
2489	2422	0
2489	1071	0
2489	2485	0
2489	1283	0
2489	271	0
2489	1266	0
2489	2170	0
2489	32	0
2489	461	0
2489	428	0
2489	19	0
2489	1527	0
2489	526	0
2329	2618	0
2329	818	0
2329	381	0
2329	1812	0
2329	2331	0
2329	1180	0
2329	2579	0
2329	2131	0
2329	533	0
2329	1693	0
2329	216	0
2329	1591	0
2329	1820	0
2329	1384	0
2329	194	0
2329	2422	0
2329	1071	0
2329	2485	0
2329	1283	0
2329	271	0
2329	1266	0
2329	2170	0
2329	32	0
2329	461	0
2329	428	0
2329	19	0
2329	1527	0
2329	526	0
2378	2618	0
2378	818	0
2378	381	0
2378	1812	0
2378	2331	0
2378	1180	0
2378	2579	0
2378	2131	0
2378	533	0
2378	1693	0
2378	216	0
2378	1591	0
2378	1820	0
2378	1384	0
2378	194	0
2378	2422	0
2378	1071	0
2378	2485	0
2378	1283	0
2378	271	0
2378	1266	0
2378	2170	0
2378	32	0
2378	461	0
2378	428	0
2378	19	0
2378	1527	0
2378	526	0
798	2618	0
798	818	0
798	381	0
798	1812	0
798	2331	0
798	1180	0
798	2579	0
798	2131	0
798	533	0
798	1693	0
798	216	0
798	1591	0
798	1820	0
798	1384	0
798	194	0
798	2422	0
798	1071	0
798	2485	0
798	1283	0
798	271	0
798	1266	0
798	2170	0
798	32	0
798	461	0
798	428	0
798	19	0
798	1527	0
798	526	0
1914	2618	0
1914	818	0
1914	381	0
1914	1812	0
1914	2331	0
1914	1180	0
1914	2579	0
1914	2131	0
1914	533	0
1914	1693	0
1914	216	0
1914	1591	0
1914	1820	0
1914	1384	0
1914	194	0
1914	2422	0
1914	1071	0
1914	2485	0
1914	1283	0
1914	271	0
1914	1266	0
1914	2170	0
1914	32	0
1914	461	0
1914	428	0
1914	19	0
1914	1527	0
1914	526	0
1907	2618	0
1907	818	0
1907	381	0
1907	1812	0
1907	2331	0
1907	1180	0
1907	2579	0
1907	2131	0
1907	533	0
1907	1693	0
1907	216	0
1907	1591	0
1907	1820	0
1907	1384	0
1907	194	0
1907	2422	0
1907	1071	0
1907	2485	0
1907	1283	0
1907	271	0
1907	1266	0
1907	2170	0
1907	32	0
1907	461	0
1907	428	0
1907	19	0
1907	1527	0
1907	526	0
2207	2618	0
2207	818	0
2207	381	0
2207	1812	0
2207	2331	0
2207	1180	0
2207	2579	0
2207	2131	0
2207	533	0
2207	1693	0
2207	216	0
2207	1591	0
2207	1820	0
2207	1384	0
2207	194	0
2207	2422	0
2207	1071	0
2207	2485	0
2207	1283	0
2207	271	0
2207	1266	0
2207	2170	0
2207	32	0
2207	461	0
2207	428	0
2207	19	0
2207	1527	0
2207	526	0
1238	2618	0
1238	818	0
1238	381	0
1238	1812	0
1238	2331	0
1238	1180	0
1238	2579	0
1238	2131	0
1238	533	0
1238	1693	0
1238	216	0
1238	1591	0
1238	1820	0
1238	1384	0
1238	194	0
1238	2422	0
1238	1071	0
1238	2485	0
1238	1283	0
1238	271	0
1238	1266	0
1238	2170	0
1238	32	0
1238	461	0
1238	428	0
1238	19	0
1238	1527	0
1238	526	0
1260	2618	0
1260	818	0
1260	381	0
1260	1812	0
1260	2331	0
1260	1180	0
1260	2579	0
1260	2131	0
1260	533	0
1260	1693	0
1260	216	0
1260	1591	0
1260	1820	0
1260	1384	0
1260	194	0
1260	2422	0
1260	1071	0
1260	2485	0
1260	1283	0
1260	271	0
1260	1266	0
1260	2170	0
1260	32	0
1260	461	0
1260	428	0
1260	19	0
1260	1527	0
1260	526	0
1381	2618	0
1381	818	0
1381	381	0
1381	1812	0
1381	2331	0
1381	1180	0
1381	2579	0
1381	2131	0
1381	533	0
1381	1693	0
1381	216	0
1381	1591	0
1381	1820	0
1381	1384	0
1381	194	0
1381	2422	0
1381	1071	0
1381	2485	0
1381	1283	0
1381	271	0
1381	1266	0
1381	2170	0
1381	32	0
1381	461	0
1381	428	0
1381	19	0
1381	1527	0
1381	526	0
512	2618	0
512	818	0
512	381	0
512	1812	0
512	2331	0
512	1180	0
512	2579	0
512	2131	0
512	533	0
512	1693	0
512	216	0
512	1591	0
512	1820	0
512	1384	0
512	194	0
512	2422	0
512	1071	0
512	2485	0
512	1283	0
512	271	0
512	1266	0
512	2170	0
512	32	0
512	461	0
512	428	0
512	19	0
512	1527	0
512	526	0
755	2618	0
755	818	0
755	381	0
755	1812	0
755	2331	0
755	1180	0
755	2579	0
755	2131	0
755	533	0
755	1693	0
755	216	0
755	1591	0
755	1820	0
755	1384	0
755	194	0
755	2422	0
755	1071	0
755	2485	0
755	1283	0
755	271	0
755	1266	0
755	2170	0
755	32	0
755	461	0
755	428	0
755	19	0
755	1527	0
755	526	0
2283	2618	0
2283	818	0
2283	381	0
2283	1812	0
2283	2331	0
2283	1180	0
2283	2579	0
2283	2131	0
2283	533	0
2283	1693	0
2283	216	0
2283	1591	0
2283	1820	0
2283	1384	0
2283	194	0
2283	2422	0
2283	1071	0
2283	2485	0
2283	1283	0
2283	271	0
2283	1266	0
2283	2170	0
2283	32	0
2283	461	0
2283	428	0
2283	19	0
2283	1527	0
2283	526	0
560	2618	0
560	818	0
560	381	0
560	1812	0
560	2331	0
560	1180	0
560	2579	0
560	2131	0
560	533	0
560	1693	0
560	216	0
560	1591	0
560	1820	0
560	1384	0
560	194	0
560	2422	0
560	1071	0
560	2485	0
560	1283	0
560	271	0
560	1266	0
560	2170	0
560	32	0
560	461	0
560	428	0
560	19	0
560	1527	0
560	526	0
1974	2618	0
1974	818	0
1974	381	0
1974	1812	0
1974	2331	0
1974	1180	0
1974	2579	0
1974	2131	0
1974	533	0
1974	1693	0
1974	216	0
1974	1591	0
1974	1820	0
1974	1384	0
1974	194	0
1974	2422	0
1974	1071	0
1974	2485	0
1974	1283	0
1974	271	0
1974	1266	0
1974	2170	0
1974	32	0
1974	461	0
1974	428	0
1974	19	0
1974	1527	0
1974	526	0
1727	2618	0
1727	818	0
1727	381	0
1727	1812	0
1727	2331	0
1727	1180	0
1727	2579	0
1727	2131	0
1727	533	0
1727	1693	0
1727	216	0
1727	1591	0
1727	1820	0
1727	1384	0
1727	194	0
1727	2422	0
1727	1071	0
1727	2485	0
1727	1283	0
1727	271	0
1727	1266	0
1727	2170	0
1727	32	0
1727	461	0
1727	428	0
1727	19	0
1727	1527	0
1727	526	0
1945	2618	0
1945	818	0
1945	381	0
1945	1812	0
1945	2331	0
1945	1180	0
1945	2579	0
1945	2131	0
1945	533	0
1945	1693	0
1945	216	0
1945	1591	0
1945	1820	0
1945	1384	0
1945	194	0
1945	2422	0
1945	1071	0
1945	2485	0
1945	1283	0
1945	271	0
1945	1266	0
1945	2170	0
1945	32	0
1945	461	0
1945	428	0
1945	19	0
1945	1527	0
1945	526	0
1948	2618	0
1948	818	0
1948	381	0
1948	1812	0
1948	2331	0
1948	1180	0
1948	2579	0
1948	2131	0
1948	533	0
1948	1693	0
1948	216	0
1948	1591	0
1948	1820	0
1948	1384	0
1948	194	0
1948	2422	0
1948	1071	0
1948	2485	0
1948	1283	0
1948	271	0
1948	1266	0
1948	2170	0
1948	32	0
1948	461	0
1948	428	0
1948	19	0
1948	1527	0
1948	526	0
489	2618	0
489	818	0
489	381	0
489	1812	0
489	2331	0
489	1180	0
489	2579	0
489	2131	0
489	533	0
489	1693	0
489	216	0
489	1591	0
489	1820	0
489	1384	0
489	194	0
489	2422	0
489	1071	0
489	2485	0
489	1283	0
489	271	0
489	1266	0
489	2170	0
489	32	0
489	461	0
489	428	0
489	19	0
489	1527	0
489	526	0
1971	2618	0
1971	818	0
1971	381	0
1971	1812	0
1971	2331	0
1971	1180	0
1971	2579	0
1971	2131	0
1971	533	0
1971	1693	0
1971	216	0
1971	1591	0
1971	1820	0
1971	1384	0
1971	194	0
1971	2422	0
1971	1071	0
1971	2485	0
1971	1283	0
1971	271	0
1971	1266	0
1971	2170	0
1971	32	0
1971	461	0
1971	428	0
1971	19	0
1971	1527	0
1971	526	0
2421	2618	0
2421	818	0
2421	381	0
2421	1812	0
2421	2331	0
2421	1180	0
2421	2579	0
2421	2131	0
2421	533	0
2421	1693	0
2421	216	0
2421	1591	0
2421	1820	0
2421	1384	0
2421	194	0
2421	1071	0
2421	2485	0
2421	1283	0
2421	271	0
2421	1266	0
2421	2170	0
2421	32	0
2421	461	0
2421	428	0
2421	19	0
2421	1527	0
2421	526	0
108	2618	0
108	818	0
108	381	0
108	1812	0
108	2331	0
108	1180	0
108	2579	0
108	2131	0
108	533	0
108	1693	0
108	216	0
108	1591	0
108	1820	0
108	1384	0
108	2422	0
108	1071	0
108	2485	0
108	1283	0
108	271	0
108	1266	0
108	2170	0
108	32	0
108	461	0
108	428	0
108	19	0
108	1527	0
108	526	0
2547	1221	0
2547	2093	0
2547	2033	0
2547	2321	0
2547	899	0
2547	848	0
2547	997	0
2547	1438	0
2547	1512	0
2547	123	0
2547	938	0
2547	2592	0
2547	939	0
2547	1750	0
2547	2327	0
2547	536	0
2547	1355	0
2547	592	0
2547	333	0
2547	545	0
2547	674	0
2547	126	0
2547	1376	0
2547	2190	0
2547	977	0
2547	1821	0
2547	502	0
2547	650	0
958	1221	0
958	2093	0
958	2033	0
958	2321	0
958	899	0
958	848	0
958	997	0
958	1438	0
958	1512	0
958	123	0
958	938	0
958	2592	0
958	939	0
958	1750	0
958	2327	0
958	536	0
958	1355	0
958	592	0
958	333	0
958	545	0
958	674	0
958	126	0
958	1376	0
958	2190	0
958	977	0
958	1821	0
958	502	0
958	249	0
958	650	0
1493	1221	0
1493	2093	0
1493	2033	0
1493	2321	0
1493	899	0
1493	848	0
1493	997	0
1493	1438	0
1493	1512	0
1493	123	0
1493	938	0
1493	2592	0
1493	939	0
1493	1750	0
1493	2327	0
1493	536	0
1493	1355	0
1493	592	0
1493	333	0
1493	545	0
1493	674	0
1493	126	0
1493	1376	0
1493	2190	0
1493	977	0
1493	1821	0
1493	502	0
1493	249	0
1493	650	0
1984	1221	0
1984	2093	0
1984	2033	0
1984	2321	0
1984	899	0
1984	848	0
1984	997	0
1984	1438	0
1984	1512	0
1984	123	0
1984	938	0
1984	2592	0
1984	939	0
1984	1750	0
1984	2327	0
1984	536	0
1984	1355	0
1984	592	0
1984	333	0
1984	545	0
1984	674	0
1984	126	0
1984	1376	0
1984	2190	0
1984	977	0
1984	1821	0
1984	502	0
1984	249	0
1984	650	0
687	1221	0
687	2093	0
687	2033	0
687	2321	0
687	899	0
687	848	0
687	997	0
687	1438	0
687	1512	0
687	123	0
687	938	0
687	2592	0
687	939	0
687	1750	0
687	2327	0
687	536	0
687	1355	0
687	592	0
687	333	0
687	545	0
687	674	0
687	126	0
687	1376	0
687	2190	0
687	977	0
687	1821	0
687	502	0
687	249	0
687	650	0
981	1221	0
981	2093	0
981	2033	0
981	2321	0
981	899	0
981	848	0
981	1438	0
981	1512	0
981	123	0
981	938	0
981	2592	0
981	939	0
981	1750	0
981	2327	0
981	536	0
981	1355	0
981	592	0
981	333	0
981	545	0
981	126	0
981	1376	0
981	2190	0
981	977	0
981	1821	0
981	502	0
981	249	0
981	650	0
717	1221	0
717	2093	0
717	2033	0
717	2321	0
717	899	0
717	848	0
717	997	0
717	1438	0
717	1512	0
717	123	0
717	938	0
717	2592	0
717	939	0
717	1750	0
717	2327	0
717	536	0
717	1355	0
717	592	0
717	333	0
717	545	0
717	674	0
717	126	0
717	1376	0
717	2190	0
717	977	0
717	1821	0
717	502	0
717	249	0
717	650	0
708	1221	0
708	2093	0
708	2033	0
708	2321	0
708	899	0
708	848	0
708	997	0
708	1438	0
708	1512	0
708	123	0
708	938	0
708	2592	0
708	939	0
708	1750	0
708	2327	0
708	536	0
708	1355	0
708	592	0
708	333	0
708	545	0
708	674	0
708	126	0
708	1376	0
708	2190	0
708	977	0
708	1821	0
708	502	0
708	249	0
708	650	0
1264	1221	0
1264	2093	0
1264	2033	0
1264	2321	0
1264	899	0
1264	848	0
1264	997	0
1264	1438	0
1264	1512	0
1264	123	0
1264	938	0
1264	2592	0
1264	939	0
1264	1750	0
1264	2327	0
1264	536	0
1264	1355	0
1264	592	0
1264	333	0
1264	545	0
1264	674	0
1264	126	0
1264	1376	0
1264	2190	0
1264	977	0
1264	1821	0
1264	502	0
1264	249	0
1264	650	0
406	1221	0
406	2093	0
406	2033	0
406	2321	0
406	899	0
406	848	0
406	997	0
406	1438	0
406	1512	0
406	123	0
406	938	0
406	2592	0
406	939	0
406	1750	0
406	2327	0
406	536	0
406	1355	0
406	592	0
406	333	0
406	545	0
406	674	0
406	126	0
406	1376	0
406	2190	0
406	977	0
406	1821	0
406	502	0
406	249	0
406	650	0
612	1221	0
612	2093	0
612	2033	0
612	2321	0
612	899	0
612	848	0
612	997	0
612	1438	0
612	1512	0
612	123	0
612	938	0
612	2592	0
612	939	0
612	1750	0
612	2327	0
612	536	0
612	1355	0
612	592	0
612	333	0
612	545	0
612	674	0
612	126	0
612	1376	0
612	2190	0
612	977	0
612	1821	0
612	502	0
612	249	0
612	650	0
1416	1221	0
1416	2093	0
1416	2033	0
1416	2321	0
1416	899	0
1416	848	0
1416	997	0
1416	1438	0
1416	1512	0
1416	123	0
1416	938	0
1416	2592	0
1416	939	0
1416	1750	0
1416	2327	0
1416	536	0
1416	1355	0
1416	592	0
1416	333	0
1416	545	0
1416	674	0
1416	126	0
1416	1376	0
1416	2190	0
1416	977	0
1416	1821	0
1416	502	0
1416	249	0
1416	650	0
417	1221	0
417	2093	0
417	2033	0
417	2321	0
417	899	0
417	848	0
417	997	0
417	1438	0
417	1512	0
417	123	0
417	938	0
417	2592	0
417	939	0
417	1750	0
417	2327	0
417	536	0
417	1355	0
417	592	0
417	333	0
417	545	0
417	674	0
417	126	0
417	1376	0
417	2190	0
417	977	0
417	1821	0
417	502	0
417	249	0
417	650	0
2637	1221	0
2637	2093	0
2637	2033	0
2637	2321	0
2637	899	0
2637	848	0
2637	997	0
2637	1438	0
2637	1512	0
2637	123	0
2637	938	0
2637	2592	0
2637	939	0
2637	1750	0
2637	2327	0
2637	536	0
2637	1355	0
2637	592	0
2637	333	0
2637	545	0
2637	674	0
2637	126	0
2637	1376	0
2637	2190	0
2637	977	0
2637	1821	0
2637	502	0
2637	249	0
2637	650	0
294	1221	0
294	2093	0
294	2033	0
294	2321	0
294	899	0
294	848	0
294	997	0
294	1438	0
294	1512	0
294	123	0
294	938	0
294	2592	0
294	939	0
294	1750	0
294	2327	0
294	536	0
294	1355	0
294	592	0
294	333	0
294	545	0
294	674	0
294	126	0
294	1376	0
294	2190	0
294	977	0
294	1821	0
294	502	0
294	249	0
294	650	0
1454	1221	0
1454	2093	0
1454	2033	0
1454	2321	0
1454	899	0
1454	848	0
1454	997	0
1454	1438	0
1454	1512	0
1454	123	0
1454	938	0
1454	2592	0
1454	939	0
1454	1750	0
1454	2327	0
1454	536	0
1454	1355	0
1454	592	0
1454	333	0
1454	545	0
1454	674	0
1454	126	0
1454	1376	0
1454	2190	0
1454	977	0
1454	1821	0
1454	502	0
1454	249	0
1454	650	0
2507	1221	0
2507	2093	0
2507	2033	0
2507	2321	0
2507	899	0
2507	848	0
2507	997	0
2507	1438	0
2507	1512	0
2507	123	0
2507	938	0
2507	2592	0
2507	939	0
2507	1750	0
2507	2327	0
2507	536	0
2507	1355	0
2507	592	0
2507	333	0
2507	545	0
2507	674	0
2507	126	0
2507	1376	0
2507	2190	0
2507	977	0
2507	1821	0
2507	502	0
2507	249	0
2507	650	0
1409	1221	0
1409	2093	0
1409	2033	0
1409	2321	0
1409	899	0
1409	848	0
1409	997	0
1409	1438	0
1409	1512	0
1409	123	0
1409	938	0
1409	2592	0
1409	939	0
1409	1750	0
1409	2327	0
1409	536	0
1409	1355	0
1409	592	0
1409	333	0
1409	545	0
1409	674	0
1409	126	0
1409	1376	0
1409	2190	0
1409	977	0
1409	1821	0
1409	502	0
1409	249	0
1409	650	0
1809	1221	0
1809	2093	0
1809	2033	0
1809	2321	0
1809	899	0
1809	848	0
1809	997	0
1809	1438	0
1809	1512	0
1809	123	0
1809	938	0
1809	2592	0
1809	939	0
1809	1750	0
1809	2327	0
1809	536	0
1809	1355	0
1809	592	0
1809	333	0
1809	545	0
1809	674	0
1809	126	0
1809	1376	0
1809	2190	0
1809	977	0
1809	1821	0
1809	502	0
1809	249	0
1809	650	0
2367	1221	0
2367	2093	0
2367	2033	0
2367	2321	0
2367	899	0
2367	848	0
2367	997	0
2367	1438	0
2367	1512	0
2367	123	0
2367	938	0
2367	2592	0
2367	939	0
2367	1750	0
2367	2327	0
2367	536	0
2367	1355	0
2367	592	0
2367	333	0
2367	545	0
2367	674	0
2367	126	0
2367	1376	0
2367	2190	0
2367	977	0
2367	1821	0
2367	502	0
2367	249	0
2367	650	0
107	1221	0
107	2093	0
107	2033	0
107	2321	0
107	899	0
107	848	0
107	997	0
107	1438	0
107	1512	0
107	123	0
107	938	0
107	2592	0
107	939	0
107	1750	0
107	2327	0
107	536	0
107	1355	0
107	592	0
107	333	0
107	545	0
107	674	0
107	126	0
107	1376	0
107	2190	0
107	977	0
107	1821	0
107	502	0
107	249	0
107	650	0
750	1221	0
750	2093	0
750	2033	0
750	2321	0
750	899	0
750	848	0
750	997	0
750	1438	0
750	1512	0
750	123	0
750	938	0
750	2592	0
750	939	0
750	1750	0
750	2327	0
750	536	0
750	1355	0
750	592	0
750	333	0
750	545	0
750	674	0
750	126	0
750	1376	0
750	2190	0
750	977	0
750	1821	0
750	502	0
750	249	0
750	650	0
962	1221	0
962	2093	0
962	2033	0
962	2321	0
962	899	0
962	848	0
962	997	0
962	1438	0
962	1512	0
962	123	0
962	938	0
962	2592	0
962	939	0
962	1750	0
962	2327	0
962	536	0
962	1355	0
962	592	0
962	333	0
962	545	0
962	674	0
962	126	0
962	1376	0
962	2190	0
962	977	0
962	1821	0
962	502	0
962	249	0
962	650	0
2197	1221	0
2197	2093	0
2197	2033	0
2197	2321	0
2197	899	0
2197	848	0
2197	997	0
2197	1438	0
2197	1512	0
2197	123	0
2197	938	0
2197	2592	0
2197	939	0
2197	1750	0
2197	2327	0
2197	536	0
2197	1355	0
2197	592	0
2197	333	0
2197	545	0
2197	674	0
2197	126	0
2197	1376	0
2197	2190	0
2197	977	0
2197	1821	0
2197	502	0
2197	249	0
2197	650	0
299	1221	0
299	2093	0
299	2033	0
299	2321	0
299	899	0
299	848	0
299	997	0
299	1438	0
299	1512	0
299	123	0
299	938	0
299	2592	0
299	939	0
299	1750	0
299	2327	0
299	536	0
299	1355	0
299	592	0
299	333	0
299	545	0
299	674	0
299	126	0
299	1376	0
299	2190	0
299	977	0
299	1821	0
299	502	0
299	249	0
299	650	0
446	1221	0
446	2093	0
446	2033	0
446	2321	0
446	899	0
446	848	0
446	997	0
446	1438	0
446	1512	0
446	123	0
446	938	0
446	2592	0
446	939	0
446	1750	0
446	2327	0
446	536	0
446	1355	0
446	592	0
446	333	0
446	545	0
446	674	0
446	126	0
446	1376	0
446	2190	0
446	977	0
446	1821	0
446	502	0
446	249	0
446	650	0
622	1221	0
622	2093	0
622	2033	0
622	2321	0
622	899	0
622	848	0
622	997	0
622	1438	0
622	1512	0
622	123	0
622	938	0
622	2592	0
622	939	0
622	1750	0
622	2327	0
622	536	0
622	1355	0
622	592	0
622	333	0
622	545	0
622	674	0
622	126	0
622	1376	0
622	2190	0
622	977	0
622	1821	0
622	502	0
622	249	0
622	650	0
654	1221	0
654	2093	0
654	2033	0
654	2321	0
654	899	0
654	848	0
654	997	0
654	1438	0
654	1512	0
654	123	0
654	938	0
654	2592	0
654	939	0
654	1750	0
654	2327	0
654	536	0
654	1355	0
654	592	0
654	333	0
654	545	0
654	674	0
654	126	0
654	1376	0
654	2190	0
654	977	0
654	1821	0
654	502	0
654	249	0
654	650	0
883	1221	0
883	2093	0
883	2033	0
883	2321	0
883	899	0
883	848	0
883	997	0
883	1438	0
883	1512	0
883	123	0
883	938	0
883	2592	0
883	939	0
883	1750	0
883	2327	0
883	536	0
883	1355	0
883	592	0
883	333	0
883	545	0
883	674	0
883	126	0
883	1376	0
883	2190	0
883	977	0
883	1821	0
883	502	0
883	249	0
883	650	0
622	1221	0
622	2093	0
622	2033	0
622	2321	0
622	899	0
622	848	0
622	997	0
622	1438	0
622	1512	0
622	123	0
622	938	0
622	2592	0
622	939	0
622	1750	0
622	2327	0
622	536	0
622	1355	0
622	592	0
622	333	0
622	545	0
622	674	0
622	126	0
622	1376	0
622	2190	0
622	977	0
622	1821	0
622	502	0
622	249	0
622	650	0
937	1221	0
937	2093	0
937	2033	0
937	2321	0
937	899	0
937	848	0
937	997	0
937	1438	0
937	1512	0
937	123	0
937	938	0
937	2592	0
937	939	0
937	1750	0
937	2327	0
937	536	0
937	1355	0
937	592	0
937	333	0
937	545	0
937	674	0
937	126	0
937	1376	0
937	2190	0
937	977	0
937	1821	0
937	502	0
937	249	0
937	650	0
1007	1221	0
1007	2093	0
1007	2033	0
1007	2321	0
1007	899	0
1007	848	0
1007	997	0
1007	1438	0
1007	1512	0
1007	123	0
1007	938	0
1007	2592	0
1007	939	0
1007	1750	0
1007	2327	0
1007	536	0
1007	1355	0
1007	592	0
1007	333	0
1007	545	0
1007	674	0
1007	126	0
1007	1376	0
1007	2190	0
1007	977	0
1007	1821	0
1007	502	0
1007	249	0
1007	650	0
1319	1221	0
1319	2093	0
1319	2033	0
1319	2321	0
1319	899	0
1319	848	0
1319	997	0
1319	1438	0
1319	1512	0
1319	123	0
1319	938	0
1319	2592	0
1319	939	0
1319	1750	0
1319	2327	0
1319	536	0
1319	1355	0
1319	592	0
1319	333	0
1319	545	0
1319	674	0
1319	126	0
1319	1376	0
1319	2190	0
1319	977	0
1319	1821	0
1319	502	0
1319	249	0
1319	650	0
1397	1221	0
1397	2093	0
1397	2033	0
1397	2321	0
1397	899	0
1397	848	0
1397	997	0
1397	1438	0
1397	1512	0
1397	123	0
1397	938	0
1397	2592	0
1397	939	0
1397	1750	0
1397	2327	0
1397	536	0
1397	1355	0
1397	592	0
1397	333	0
1397	545	0
1397	674	0
1397	126	0
1397	1376	0
1397	2190	0
1397	977	0
1397	1821	0
1397	502	0
1397	249	0
1397	650	0
2618	1000	0
818	662	0
381	1682	0
1812	928	0
2331	2183	0
1180	235	0
2579	812	0
2131	580	0
533	584	0
1693	1888	0
216	2425	0
1591	1000	0
1820	662	0
1384	1682	0
194	928	0
2422	2183	0
1071	235	0
2485	812	0
1283	580	0
271	584	0
1266	1888	0
2170	2425	0
32	1000	0
461	662	0
428	1682	0
19	928	0
1527	2183	0
526	235	0
1221	812	0
2093	580	0
2033	584	0
2321	1888	0
899	2425	0
848	1000	0
997	662	0
1438	1682	0
1512	928	0
123	2183	0
938	235	0
2592	812	0
939	580	0
1750	584	0
2327	1888	0
536	2425	0
1355	1000	0
592	662	0
333	1682	0
545	928	0
674	2183	0
126	235	0
1376	812	0
2190	580	0
977	584	0
1821	1888	0
502	2425	0
249	1000	0
650	662	0
826	1000	0
611	662	0
2479	1682	0
2480	928	0
881	2183	0
122	235	0
1656	812	0
2516	580	0
523	584	0
665	1888	0
1983	2425	0
440	1000	0
1571	662	0
900	1682	0
1199	928	0
1655	2183	0
808	235	0
2512	812	0
2574	580	0
2141	584	0
279	1888	0
2392	2425	0
1637	1888	0
2481	2425	0
179	1000	0
1645	662	0
2475	1682	0
218	928	0
280	2183	0
565	235	0
1348	812	0
2112	580	0
1851	584	0
1876	1888	0
2499	2425	0
1134	1000	0
537	662	0
1894	1682	0
117	928	0
2417	2183	0
374	235	0
1308	812	0
698	580	0
2179	584	0
144	1888	0
2077	2425	0
1480	1000	0
1513	662	0
1240	1682	0
2366	928	0
2185	2183	0
1782	235	0
1440	812	0
600	580	0
1875	584	0
1175	1888	0
2519	2425	0
2210	1000	0
1867	662	0
862	1682	0
140	928	0
898	2183	0
241	235	0
1382	812	0
634	580	0
761	584	0
1801	1888	0
714	2425	0
2489	1000	0
2329	662	0
2378	1682	0
798	928	0
1914	2183	0
1907	235	0
2207	812	0
1238	580	0
1260	584	0
1381	1888	0
512	2425	0
755	1000	0
2283	662	0
560	1682	0
1974	928	0
1727	2183	0
1945	235	0
1948	812	0
489	580	0
1971	584	0
2421	1888	0
108	2425	0
2547	1000	0
958	662	0
1493	1682	0
1984	928	0
687	2183	0
981	235	0
717	812	0
708	580	0
1264	584	0
406	1888	0
612	2425	0
1416	1000	0
417	662	0
2637	1682	0
294	928	0
1454	2183	0
2507	235	0
1409	812	0
1809	580	0
2367	584	0
107	1888	0
750	2425	0
962	1000	0
2197	662	0
299	1682	0
446	928	0
622	2183	0
654	235	0
883	812	0
622	580	0
937	584	0
1007	1888	0
1319	2425	0
1397	1000	0
2618	2445	0
818	1092	0
381	701	0
1812	2115	0
2331	1579	0
1180	2562	0
2579	1597	0
2131	260	0
533	2270	0
1693	2445	0
216	1092	0
1591	701	0
1820	2115	0
1384	1579	0
194	2562	0
2422	1597	0
1071	260	0
2485	2270	0
1283	2445	0
271	1092	0
1266	701	0
2170	2115	0
32	1579	0
461	2562	0
428	1597	0
19	260	0
1527	2270	0
526	2445	0
1221	1092	0
2093	701	0
2033	2115	0
2321	1579	0
899	2562	0
848	1597	0
997	260	0
1438	2270	0
1512	2445	0
123	1092	0
938	701	0
2592	2115	0
939	1579	0
1750	2562	0
2327	1597	0
536	260	0
1355	2270	0
592	2445	0
333	1092	0
545	701	0
674	2115	0
126	1579	0
1376	2562	0
2190	1597	0
977	260	0
1821	2270	0
502	2445	0
249	1092	0
650	701	0
826	2445	0
611	1092	0
2479	701	0
2480	2115	0
881	1579	0
122	2562	0
1656	1597	0
2516	260	0
523	2270	0
665	2445	0
1983	1092	0
440	701	0
1571	2115	0
900	1579	0
1199	2562	0
1655	1597	0
808	260	0
2512	2270	0
2574	2445	0
2141	1092	0
279	701	0
2392	2115	0
1637	1579	0
2481	2562	0
826	1597	0
611	260	0
2479	2270	0
1000	2445	0
662	1092	0
1682	701	0
928	2115	0
2183	1579	0
235	2562	0
812	1597	0
580	260	0
584	2270	0
1888	260	0
2425	2270	0
179	2445	0
1645	1092	0
2475	701	0
218	2115	0
280	1579	0
565	2562	0
1348	1597	0
2112	260	0
1851	2270	0
1876	2445	0
2499	1092	0
1134	701	0
537	2115	0
1894	1579	0
117	2562	0
2417	1597	0
374	260	0
1308	2270	0
698	2445	0
2179	1092	0
144	701	0
2077	2115	0
1480	1579	0
1513	2562	0
1240	1597	0
2366	260	0
2185	2270	0
1782	2445	0
1440	1092	0
600	701	0
1875	2115	0
1175	1579	0
2519	2562	0
179	1597	0
1645	260	0
2475	2270	0
2210	2445	0
1867	1092	0
862	701	0
140	2115	0
898	1579	0
241	2562	0
1382	1597	0
634	260	0
761	2270	0
1801	2445	0
714	1092	0
2489	701	0
2329	2115	0
2378	1579	0
798	2562	0
1914	1597	0
1907	260	0
2207	2270	0
1238	2445	0
1260	1092	0
1381	701	0
512	2115	0
755	1579	0
2283	2562	0
560	1597	0
1974	260	0
1727	2270	0
1945	2445	0
1948	1092	0
489	701	0
1971	2115	0
2421	1579	0
108	2562	0
2547	1597	0
958	260	0
1493	2270	0
1984	2445	0
687	1092	0
981	701	0
717	2115	0
708	1579	0
1264	2562	0
406	1597	0
612	260	0
1416	2270	0
417	2445	0
2637	1092	0
294	701	0
1454	2115	0
2507	1579	0
1409	2562	0
1809	1597	0
2367	260	0
107	2270	0
750	2445	0
962	1092	0
2197	701	0
299	2115	0
446	1579	0
622	2562	0
654	1597	0
883	260	0
622	2270	0
937	2562	0
1007	1597	0
1319	260	0
1397	2270	0
