0	1696	1
1	1167	1
2	54	1
3	90	1
4	697	1
5	1471	1
6	1768	1
7	1643	1
8	1769	1
9	591	1
10	1770	1
11	1771	1
12	584	1
13	1326	1
14	1300	1
15	1145	1
16	261	1
17	1098	1
18	1267	1
19	1360	1
20	584	1
21	1772	1
22	1100	1
23	1773	1
24	1503	1
25	196	1
26	1774	1
27	1775	1
28	106	1
29	1776	1
30	1193	1
31	1756	1
32	1777	1
33	731	1
34	52	1
35	1778	1
36	909	1
37	1779	1
38	52	1
39	1780	1
40	1128	1
41	676	1
42	1781	1
43	1782	1
44	118	1
45	461	1
46	103	1
38	275	1
47	364	1
48	1783	1
49	1537	1
31	1784	1
50	1214	1
51	1280	1
52	1785	1
53	1786	1
54	547	1
55	83	1
56	1559	1
57	175	1
31	490	1
58	1242	1
59	1620	1
60	703	1
61	1787	1
62	1788	1
63	196	1
64	132	1
65	83	1
66	486	1
67	692	1
68	1789	1
69	1790	1
55	968	1
70	112	1
71	1791	1
72	1792	1
73	161	1
74	1793	1
75	816	1
76	1076	1
77	1200	1
78	236	1
79	391	1
80	402	1
81	888	1
82	1794	1
83	1024	1
84	1795	1
85	959	1
86	1080	1
87	831	1
88	136	1
89	278	1
90	520	1
13	502	1
91	566	1
92	83	1
93	584	1
94	432	1
95	1796	1
96	1797	1
97	220	1
98	1693	1
99	274	1
100	102	1
79	1270	1
101	1241	1
102	1798	1
103	155	1
104	1207	1
105	1799	1
106	948	1
107	1214	1
108	1800	1
109	1801	1
5	1802	1
110	1128	1
111	1399	1
112	1803	1
113	1804	1
114	29	1
115	918	1
116	1154	1
117	763	1
118	1741	1
18	33	1
2	237	1
119	505	1
120	1164	1
121	574	1
122	1309	1
123	201	1
124	1285	1
125	261	1
126	57	1
22	504	1
30	1415	1
127	560	1
128	728	1
129	165	1
130	52	1
131	1805	1
132	732	1
133	53	1
99	487	1
134	65	1
135	30	1
136	196	1
137	941	1
93	175	1
138	1135	1
139	1806	1
140	1685	1
5	1807	1
141	1214	1
142	78	1
2	1808	1
143	834	1
144	995	1
145	1214	1
146	372	1
147	309	1
31	1809	1
148	1559	1
149	112	1
150	1810	1
151	1421	1
94	499	1
152	1128	1
153	503	1
154	1811	1
116	810	1
44	353	1
155	65	1
156	1812	1
5	200	1
157	336	1
158	1813	1
159	1814	1
160	352	1
161	1755	1
162	194	1
159	311	1
163	165	1
164	1815	1
165	987	1
166	196	1
167	1128	1
168	807	1
169	196	1
170	1816	1
153	69	1
171	728	1
172	1498	1
173	129	1
174	1817	1
175	551	1
168	993	1
94	487	1
176	1800	1
177	113	1
178	53	1
179	1818	1
180	925	1
99	1214	1
181	1819	1
182	1820	1
183	337	1
144	1040	1
184	768	1
185	1821	1
42	7	1
29	152	1
172	1822	1
186	1522	1
54	185	1
187	967	1
188	1321	1
189	837	1
190	490	1
83	53	1
191	241	1
50	1809	1
186	1823	1
192	1824	1
193	65	1
5	375	1
194	376	1
69	201	1
195	333	1
196	1309	1
197	1114	1
198	28	1
99	1128	1
199	38	1
200	83	1
201	163	1
202	485	1
203	1580	1
204	1109	1
61	970	1
205	1134	1
206	1274	1
3	1000	1
207	216	1
208	1214	1
209	1825	1
210	428	1
211	52	1
212	1369	1
5	1826	1
10	1047	1
213	602	1
214	104	1
215	58	1
216	1412	1
74	46	1
217	98	1
218	1827	1
219	1828	1
220	1829	1
31	553	1
50	129	1
221	1261	1
222	241	1
19	175	1
223	1830	1
224	885	1
5	669	1
225	1223	1
226	464	1
227	444	1
228	649	1
50	1831	1
229	1814	1
230	298	1
231	1832	1
232	1689	1
233	768	1
234	1833	1
235	251	1
53	968	1
236	1834	1
182	1835	1
237	1836	1
238	75	1
239	573	1
156	1035	1
152	1837	1
240	98	1
241	1193	1
242	1110	1
243	143	1
244	301	1
245	1076	1
246	1204	1
247	254	1
57	608	1
248	1799	1
2	1838	1
249	487	1
250	1839	1
94	274	1
251	584	1
245	1840	1
252	1841	1
117	1418	1
253	1522	1
55	1842	1
254	1843	1
38	1844	1
255	117	1
256	1537	1
53	370	1
257	561	1
123	987	1
258	677	1
259	1845	1
75	1236	1
33	1846	1
260	1847	1
74	447	1
261	1838	1
262	559	1
263	1848	1
264	1640	1
265	874	1
266	1165	1
267	143	1
268	987	1
269	1849	1
270	1850	1
271	722	1
272	274	1
196	1274	1
273	1851	1
70	1326	1
274	1852	1
275	1797	1
163	1853	1
276	196	1
277	1840	1
18	6	1
103	1737	1
278	990	1
279	1854	1
280	606	1
281	1855	1
282	1856	1
283	1425	1
210	1035	1
284	1857	1
40	1342	1
103	1858	1
285	1859	1
286	1000	1
287	415	1
288	1826	1
5	1860	1
289	1072	1
290	1399	1
291	1300	1
292	974	1
293	1754	1
294	1150	1
295	1164	1
296	1840	1
278	1861	1
297	1862	1
172	1863	1
298	1864	1
190	734	1
299	172	1
2	1150	1
300	40	1
301	967	1
274	415	1
302	155	1
275	444	1
303	1169	1
231	959	1
304	756	1
305	1253	1
306	1865	1
307	1630	1
308	560	1
309	589	1
310	55	1
311	370	1
92	341	1
312	143	1
274	1866	1
313	463	1
314	828	1
315	481	1
197	336	1
316	1867	1
317	1864	1
79	584	1
318	970	1
108	1265	1
55	63	1
319	1868	1
129	1518	1
320	709	1
321	1141	1
143	1471	1
55	60	1
141	1869	1
322	370	1
323	156	1
142	1870	1
324	546	1
325	1325	1
326	588	1
327	16	1
328	987	1
329	302	1
330	1503	1
42	509	1
331	560	1
332	83	1
333	1060	1
334	1871	1
335	1739	1
118	3	1
336	348	1
5	134	1
337	1445	1
50	74	1
338	1872	1
339	16	1
340	1873	1
341	618	1
55	201	1
342	302	1
129	1808	1
343	1268	1
344	1087	1
148	601	1
130	1874	1
345	341	1
346	1875	1
347	1559	1
348	936	1
349	240	1
347	648	1
144	1013	1
350	885	1
351	584	1
352	1876	1
353	1691	1
126	1173	1
242	1274	1
76	75	1
354	641	1
355	1854	1
356	1877	1
357	807	1
358	987	1
359	1878	1
221	417	1
272	1800	1
15	1879	1
360	641	1
361	584	1
362	573	1
363	90	1
364	227	1
365	1880	1
54	1881	1
366	1084	1
367	46	1
368	1882	1
234	1061	1
143	1883	1
113	428	1
369	866	1
370	196	1
38	1582	1
371	866	1
372	141	1
2	1884	1
366	196	1
358	1128	1
373	1336	1
374	274	1
375	1885	1
376	459	1
377	504	1
378	587	1
379	180	1
380	1263	1
261	145	1
381	104	1
382	31	1
383	831	1
384	1347	1
380	1271	1
143	394	1
261	761	1
385	1503	1
31	328	1
386	1886	1
235	1834	1
198	1887	1
31	1454	1
387	1811	1
388	1270	1
389	175	1
301	595	1
129	208	1
390	1888	1
261	1889	1
54	484	1
391	332	1
392	1711	1
393	1890	1
394	1891	1
395	641	1
396	1892	1
397	1893	1
261	1525	1
398	1894	1
399	197	1
180	1295	1
215	1522	1
400	52	1
401	52	1
402	1709	1
403	1895	1
404	143	1
405	1519	1
5	1896	1
198	1897	1
278	755	1
406	869	1
407	993	1
408	1898	1
409	1626	1
70	1017	1
410	673	1
63	1199	1
293	55	1
186	704	1
411	242	1
376	435	1
58	1899	1
412	584	1
413	1274	1
354	1900	1
274	70	1
414	1391	1
415	1901	1
416	725	1
417	589	1
418	54	1
181	1301	1
272	463	1
419	987	1
420	1902	1
421	1903	1
114	1904	1
422	1338	1
182	1905	1
423	1906	1
194	1498	1
31	1907	1
250	1908	1
331	1854	1
424	30	1
341	432	1
425	1214	1
40	584	1
426	196	1
427	274	1
428	1824	1
429	55	1
430	831	1
243	1000	1
431	1909	1
221	432	1
182	463	1
432	249	1
433	128	1
144	275	1
434	1910	1
435	461	1
301	1875	1
163	152	1
436	1911	1
437	1072	1
438	1398	1
439	1912	1
440	770	1
336	1522	1
441	1913	1
442	499	1
3	145	1
443	102	1
444	1914	1
445	1691	1
3	1915	1
446	1182	1
447	334	1
448	112	1
356	178	1
449	1768	1
450	584	1
451	828	1
452	1895	1
375	337	1
50	274	1
453	1916	1
454	1917	1
455	1918	1
456	353	1
457	551	1
353	156	1
458	503	1
77	249	1
459	768	1
460	113	1
461	1919	1
462	1920	1
463	1921	1
83	901	1
464	1922	1
465	196	1
466	432	1
467	1923	1
468	145	1
343	900	1
119	1924	1
469	1925	1
334	481	1
334	1926	1
470	1421	1
380	10	1
471	144	1
472	1700	1
473	465	1
474	1882	1
475	55	1
58	30	1
476	1128	1
477	1841	1
478	1172	1
479	1741	1
480	1274	1
481	1517	1
482	1898	1
5	196	1
427	1214	1
173	1927	1
483	1726	1
484	413	1
485	141	1
486	360	1
487	576	1
186	1140	1
488	1928	1
261	535	1
489	1885	1
341	561	1
490	964	1
220	222	1
491	1929	1
492	684	1
493	1800	1
494	96	1
495	388	1
496	504	1
497	1930	1
498	824	1
499	1931	1
500	1932	1
223	1933	1
501	608	1
502	1898	1
350	376	1
94	221	1
503	1054	1
57	1934	1
398	570	1
334	1935	1
504	432	1
353	1936	1
158	1037	1
505	1858	1
506	426	1
507	1937	1
508	88	1
509	1338	1
510	728	1
511	1063	1
512	194	1
513	1938	1
514	1939	1
249	112	1
515	160	1
516	83	1
261	1940	1
222	1437	1
517	1941	1
261	1942	1
518	1326	1
519	227	1
520	1943	1
521	1602	1
522	450	1
523	1944	1
524	1945	1
2	1946	1
525	1947	1
526	703	1
322	1399	1
527	1948	1
528	274	1
529	1300	1
479	343	1
530	196	1
531	353	1
501	1135	1
278	178	1
359	679	1
532	1184	1
533	866	1
153	959	1
363	115	1
534	1949	1
535	94	1
536	198	1
537	1067	1
538	1749	1
403	1440	1
539	5	1
540	834	1
541	1371	1
542	1950	1
543	1274	1
544	1951	1
545	175	1
546	83	1
547	1503	1
548	1185	1
549	1076	1
550	696	1
551	19	1
552	1040	1
215	575	1
553	462	1
223	1118	1
286	1944	1
554	1873	1
555	859	1
501	1952	1
38	1127	1
205	1063	1
153	1391	1
556	1212	1
557	1953	1
558	782	1
559	869	1
560	1954	1
561	1739	1
562	1955	1
111	275	1
563	1300	1
564	1956	1
119	1957	1
565	1958	1
566	1959	1
215	258	1
567	1960	1
528	1772	1
568	1961	1
569	1962	1
342	1963	1
186	828	1
408	855	1
59	1077	1
325	31	1
570	1854	1
571	505	1
572	1964	1
475	260	1
573	143	1
502	311	1
461	1137	1
574	364	1
477	58	1
575	1634	1
576	1965	1
577	1383	1
578	1966	1
225	1260	1
175	426	1
359	970	1
261	1967	1
579	190	1
198	83	1
580	1135	1
581	841	1
582	1968	1
447	88	1
5	1643	1
583	685	1
408	1127	1
275	841	1
584	1795	1
46	1969	1
585	274	1
463	1970	1
99	29	1
586	197	1
415	201	1
122	462	1
587	1770	1
588	463	1
589	1852	1
584	574	1
590	1058	1
29	1904	1
591	1528	1
261	1074	1
592	1971	1
376	1145	1
593	274	1
594	505	1
505	5	1
595	1972	1
596	337	1
597	1973	1
598	326	1
599	1974	1
600	1125	1
601	1975	1
602	501	1
338	477	1
603	1607	1
11	1072	1
463	1172	1
447	1976	1
55	1977	1
604	201	1
260	1978	1
605	1185	1
606	1660	1
312	1979	1
206	1110	1
200	224	1
607	1980	1
7	322	1
464	1981	1
608	499	1
609	1743	1
186	1905	1
610	1982	1
494	458	1
12	412	1
611	426	1
612	1553	1
613	1800	1
614	1200	1
163	782	1
615	52	1
616	357	1
617	1528	1
609	1619	1
511	1369	1
185	1260	1
618	257	1
619	957	1
620	341	1
621	31	1
622	1983	1
403	318	1
623	1984	1
624	973	1
311	1785	1
625	1159	1
626	1800	1
149	1808	1
627	1985	1
628	513	1
629	7	1
382	1214	1
630	254	1
372	1333	1
631	1421	1
632	1986	1
633	1798	1
5	627	1
442	835	1
634	1337	1
91	112	1
635	387	1
261	1987	1
96	390	1
605	1735	1
554	1522	1
636	882	1
637	311	1
318	112	1
130	117	1
638	1988	1
639	130	1
55	1127	1
640	1989	1
641	1990	1
642	148	1
46	744	1
643	65	1
644	55	1
645	261	1
398	196	1
46	704	1
90	1943	1
511	543	1
646	656	1
647	420	1
5	50	1
648	792	1
649	89	1
650	1817	1
651	504	1
652	589	1
197	1826	1
653	777	1
31	571	1
654	1280	1
655	627	1
656	377	1
657	190	1
116	970	1
7	770	1
658	270	1
659	1991	1
411	1110	1
207	1418	1
227	349	1
660	477	1
661	1992	1
662	461	1
225	1148	1
268	1214	1
663	1993	1
664	1745	1
665	1994	1
666	1879	1
667	1995	1
275	155	1
668	1996	1
156	676	1
669	403	1
670	83	1
182	1997	1
671	461	1
672	61	1
673	775	1
674	1976	1
364	1054	1
675	1190	1
676	1128	1
677	201	1
138	417	1
678	148	1
679	112	1
680	337	1
681	259	1
185	1998	1
682	1188	1
683	863	1
684	117	1
325	589	1
38	1999	1
685	447	1
686	1214	1
303	1840	1
687	1127	1
22	1254	1
237	830	1
186	2000	1
80	31	1
688	573	1
689	1535	1
690	2001	1
691	643	1
692	1815	1
693	2002	1
694	2003	1
695	1107	1
696	1456	1
697	99	1
698	578	1
55	387	1
699	2004	1
26	346	1
700	992	1
701	2005	1
575	1246	1
702	29	1
703	2006	1
287	344	1
259	1076	1
602	1128	1
704	1128	1
275	1254	1
409	477	1
705	336	1
706	1730	1
707	2007	1
377	399	1
46	108	1
708	1017	1
422	136	1
609	55	1
709	1578	1
710	2008	1
711	1289	1
123	1128	1
712	574	1
2	481	1
341	741	1
660	683	1
112	2009	1
309	1712	1
602	1214	1
713	641	1
714	1391	1
715	1503	1
130	333	1
716	1169	1
717	1305	1
718	2010	1
494	1054	1
498	770	1
72	1870	1
719	477	1
720	196	1
79	55	1
721	1730	1
334	2011	1
176	1712	1
52	1335	1
514	447	1
722	214	1
723	336	1
52	370	1
251	671	1
724	190	1
725	702	1
726	2012	1
642	2013	1
185	1023	1
344	1243	1
262	1257	1
341	83	1
501	417	1
727	1076	1
728	2014	1
729	1834	1
730	276	1
731	1768	1
732	52	1
733	1023	1
449	731	1
734	2015	1
735	676	1
272	2016	1
481	112	1
223	1599	1
463	358	1
736	2017	1
737	1877	1
738	2018	1
50	487	1
683	1242	1
739	1383	1
740	831	1
741	1739	1
7	1599	1
53	1326	1
742	188	1
198	1076	1
743	1254	1
744	987	1
745	1700	1
144	1955	1
535	1076	1
746	1246	1
261	2019	1
747	419	1
748	785	1
749	137	1
31	704	1
750	360	1
751	1338	1
458	390	1
752	1624	1
753	432	1
173	152	1
754	757	1
755	2020	1
756	685	1
757	394	1
80	543	1
758	2021	1
26	1202	1
759	708	1
5	588	1
102	1324	1
760	823	1
259	1286	1
511	336	1
761	2022	1
762	275	1
261	1083	1
763	2023	1
433	1043	1
764	55	1
765	874	1
3	353	1
224	482	1
766	2024	1
767	2008	1
768	196	1
769	1797	1
770	505	1
771	1165	1
772	12	1
3	2025	1
773	7	1
774	2026	1
521	828	1
775	2027	1
776	5	1
777	1827	1
778	183	1
779	1793	1
110	428	1
780	210	1
623	2028	1
781	1689	1
697	931	1
782	55	1
783	682	1
784	71	1
785	1274	1
786	1300	1
787	807	1
788	584	1
789	1150	1
790	2029	1
791	2030	1
792	953	1
793	2031	1
190	126	1
431	112	1
794	504	1
197	618	1
186	2032	1
487	208	1
795	2033	1
279	874	1
459	1177	1
796	322	1
392	1630	1
797	763	1
798	1869	1
799	1063	1
800	188	1
801	782	1
802	447	1
803	641	1
188	2034	1
804	391	1
157	1193	1
805	1309	1
806	1011	1
807	2035	1
808	461	1
809	1798	1
810	341	1
811	360	1
812	1145	1
54	1086	1
477	863	1
813	638	1
814	112	1
307	30	1
521	1802	1
105	1782	1
815	689	1
816	561	1
817	2036	1
818	1962	1
819	593	1
820	112	1
372	2037	1
477	2038	1
821	2039	1
822	2040	1
823	337	1
824	2041	1
56	959	1
227	895	1
825	684	1
826	2042	1
827	2043	1
447	2044	1
13	679	1
828	1857	1
829	1928	1
491	1944	1
830	970	1
831	1360	1
337	1793	1
832	2045	1
833	1470	1
673	2046	1
54	339	1
753	656	1
834	1199	1
835	1300	1
376	1469	1
836	2047	1
837	523	1
611	419	1
5	1197	1
5	2048	1
838	447	1
641	1179	1
495	873	1
839	1449	1
80	501	1
107	2049	1
185	1254	1
50	987	1
324	89	1
840	143	1
488	55	1
270	589	1
841	2050	1
122	385	1
842	55	1
31	576	1
843	1128	1
186	2051	1
844	275	1
845	2052	1
153	2053	1
846	1316	1
847	83	1
238	156	1
848	2054	1
334	244	1
447	249	1
849	65	1
850	1939	1
851	428	1
852	1417	1
71	129	1
535	108	1
853	831	1
55	274	1
854	1655	1
855	400	1
856	21	1
224	2055	1
156	2056	1
857	2057	1
858	2058	1
166	2059	1
859	1834	1
860	126	1
861	479	1
862	1240	1
54	1060	1
863	1242	1
864	543	1
225	358	1
859	2060	1
865	1432	1
866	2061	1
867	903	1
868	2062	1
119	761	1
869	302	1
870	298	1
871	584	1
46	182	1
644	959	1
420	1097	1
279	396	1
325	2063	1
122	2003	1
447	933	1
550	2064	1
55	1950	1
101	1814	1
872	1289	1
83	13	1
873	466	1
46	802	1
29	328	1
874	1793	1
875	38	1
876	885	1
311	1335	1
198	440	1
873	2065	1
458	364	1
877	2066	1
481	1023	1
878	1620	1
879	1516	1
833	196	1
880	895	1
881	1137	1
709	219	1
870	230	1
882	1901	1
883	2067	1
884	55	1
395	2068	1
885	948	1
886	2069	1
46	593	1
887	190	1
888	197	1
5	2070	1
889	1111	1
890	641	1
40	400	1
891	52	1
892	1391	1
316	2071	1
261	2072	1
654	502	1
893	52	1
501	2073	1
807	516	1
894	16	1
337	2074	1
5	393	1
895	1385	1
867	201	1
896	1971	1
495	2065	1
31	2075	1
897	337	1
110	46	1
26	1100	1
726	2076	1
898	112	1
651	377	1
656	432	1
94	447	1
899	112	1
900	136	1
490	768	1
901	1371	1
261	2077	1
902	112	1
903	2078	1
815	1535	1
255	2079	1
904	584	1
7	1058	1
80	2025	1
905	357	1
906	1306	1
907	1141	1
207	1412	1
52	1242	1
516	2080	1
395	1929	1
908	197	1
909	2081	1
910	1797	1
911	41	1
53	516	1
679	79	1
2	2082	1
823	2083	1
912	275	1
623	2084	1
913	2085	1
704	2086	1
914	260	1
915	1063	1
916	736	1
917	462	1
918	951	1
919	126	1
920	621	1
921	618	1
34	2087	1
922	1392	1
923	553	1
924	274	1
789	481	1
309	2088	1
925	443	1
926	673	1
499	187	1
927	60	1
928	641	1
7	261	1
623	2089	1
261	2090	1
929	1545	1
482	1044	1
463	164	1
5	488	1
99	163	1
930	30	1
395	2091	1
931	2092	1
482	2093	1
143	1830	1
641	1373	1
241	175	1
420	2094	1
932	136	1
933	1214	1
274	1280	1
934	104	1
756	1628	1
440	498	1
935	499	1
94	129	1
5	2095	1
936	499	1
35	104	1
937	2096	1
190	2097	1
191	175	1
938	667	1
83	322	1
560	376	1
196	55	1
939	676	1
940	440	1
611	904	1
941	1302	1
641	2098	1
942	1995	1
463	933	1
943	641	1
237	2099	1
151	201	1
221	576	1
944	989	1
945	1047	1
709	1813	1
334	2100	1
946	675	1
359	2101	1
626	2101	1
51	1326	1
947	2102	1
118	2103	1
948	196	1
949	196	1
728	2104	1
487	1135	1
950	409	1
951	115	1
196	1421	1
223	2105	1
952	2106	1
953	461	1
596	558	1
954	334	1
803	112	1
447	108	1
955	935	1
423	316	1
495	356	1
40	332	1
588	987	1
388	2065	1
334	969	1
261	2107	1
956	2108	1
957	2109	1
958	113	1
40	2110	1
29	1853	1
543	402	1
959	83	1
960	1035	1
859	1920	1
961	1643	1
962	2111	1
842	391	1
176	1128	1
502	52	1
481	1560	1
963	1827	1
819	51	1
336	2112	1
280	2080	1
633	112	1
964	2113	1
965	2114	1
258	477	1
889	219	1
557	1675	1
786	462	1
966	213	1
967	1875	1
950	660	1
968	345	1
22	197	1
38	679	1
5	99	1
295	1076	1
349	1863	1
267	223	1
969	117	1
643	1486	1
926	574	1
874	2029	1
970	2115	1
80	2116	1
223	1222	1
271	393	1
108	2117	1
971	467	1
118	543	1
186	584	1
5	888	1
52	959	1
972	2118	1
973	770	1
2	969	1
974	2119	1
196	784	1
975	1128	1
976	1417	1
129	2120	1
358	1772	1
977	2121	1
978	2122	1
405	690	1
979	197	1
487	807	1
980	222	1
85	1272	1
981	65	1
982	197	1
672	2123	1
983	1420	1
593	987	1
984	2124	1
825	463	1
985	1193	1
986	741	1
987	356	1
753	504	1
988	2125	1
224	83	1
989	2126	1
815	901	1
5	1975	1
309	926	1
431	2127	1
990	1798	1
741	2128	1
28	148	1
991	46	1
992	1545	1
395	1944	1
993	499	1
175	196	1
994	516	1
995	992	1
705	22	1
996	418	1
264	2129	1
80	236	1
521	998	1
467	481	1
447	1216	1
997	831	1
998	34	1
270	487	1
999	1347	1
1000	2	1
982	1114	1
1001	1988	1
130	1455	1
1002	2130	1
1003	2131	1
55	1576	1
249	2132	1
418	112	1
1004	394	1
646	112	1
62	1075	1
1005	1023	1
414	1190	1
1006	2133	1
1007	261	1
739	1184	1
684	177	1
309	1078	1
1008	949	1
1009	1153	1
557	2134	1
1010	1006	1
1011	1919	1
77	1335	1
250	1123	1
929	558	1
1012	1885	1
353	1998	1
470	846	1
535	462	1
1013	1077	1
1014	2135	1
1015	2136	1
1016	1385	1
398	953	1
569	2137	1
1017	2023	1
341	2049	1
704	241	1
1018	685	1
1019	2138	1
119	2139	1
1020	558	1
427	487	1
990	1671	1
381	2030	1
80	1754	1
760	2140	1
1021	2141	1
602	487	1
335	221	1
1022	143	1
492	1813	1
1023	405	1
276	1522	1
1024	38	1
1025	2142	1
904	79	1
31	837	1
1026	979	1
447	626	1
1027	1235	1
984	2025	1
859	1522	1
46	2143	1
1028	831	1
669	1470	1
1029	828	1
5	128	1
1030	1906	1
1031	641	1
336	1493	1
1032	336	1
902	1023	1
623	478	1
742	1072	1
490	1214	1
1033	1214	1
29	576	1
112	2144	1
73	741	1
990	16	1
178	432	1
2	764	1
752	164	1
1034	903	1
1035	2145	1
117	2146	1
1036	2147	1
1037	1813	1
117	207	1
367	463	1
1038	203	1
1039	1789	1
557	894	1
59	73	1
1040	1928	1
1041	2148	1
1042	2149	1
1043	1309	1
602	29	1
1044	641	1
488	904	1
1045	5	1
1046	172	1
1047	254	1
1048	196	1
1049	1269	1
28	2150	1
313	1754	1
1039	68	1
531	3	1
385	1012	1
426	1471	1
744	274	1
1050	1822	1
1051	2151	1
559	617	1
1052	413	1
336	2152	1
1053	1354	1
1030	2153	1
55	959	1
1054	1797	1
1055	2154	1
38	370	1
1056	52	1
1057	75	1
80	1939	1
535	358	1
17	2155	1
7	2139	1
1058	678	1
588	752	1
58	876	1
1059	1054	1
116	2	1
1060	814	1
1061	1520	1
770	143	1
313	447	1
1062	1676	1
322	1951	1
1063	336	1
1064	2156	1
116	208	1
679	1397	1
1065	560	1
1066	2157	1
356	1006	1
1067	222	1
705	2158	1
1068	1840	1
990	1937	1
1025	143	1
1059	2159	1
261	2160	1
1069	1751	1
1007	2161	1
1070	251	1
1071	271	1
1072	1503	1
257	1739	1
553	2162	1
398	240	1
227	204	1
593	1128	1
1073	560	1
799	1377	1
591	2163	1
1074	2164	1
413	2165	1
152	1214	1
1075	205	1
488	584	1
163	2166	1
426	224	1
1063	844	1
336	2167	1
1076	1274	1
775	692	1
359	2168	1
497	236	1
1077	1063	1
761	828	1
940	642	1
1078	481	1
706	376	1
1079	112	1
1080	55	1
1081	1135	1
654	1356	1
844	1374	1
618	2128	1
1082	31	1
1083	415	1
203	1437	1
3	1741	1
31	1258	1
1084	106	1
349	98	1
772	1552	1
564	1100	1
1085	1199	1
1086	2169	1
1087	1743	1
306	55	1
1088	1128	1
1089	1675	1
55	2170	1
392	1415	1
1090	1869	1
1091	55	1
1092	274	1
370	83	1
31	752	1
1093	261	1
656	153	1
409	1242	1
399	153	1
646	794	1
834	2171	1
706	721	1
386	953	1
1094	1640	1
3	479	1
978	1709	1
1095	2172	1
1096	2173	1
1097	2109	1
1003	1307	1
1098	2155	1
309	1998	1
1099	2174	1
1100	1349	1
50	2175	1
516	2176	1
197	1374	1
724	2119	1
1101	57	1
1102	1135	1
261	2177	1
45	587	1
1103	52	1
1053	2150	1
1104	1972	1
682	2178	1
272	201	1
1105	2179	1
501	1812	1
152	129	1
1106	52	1
1071	230	1
1107	229	1
325	2180	1
188	1167	1
1108	143	1
1109	41	1
413	2181	1
1110	1076	1
901	2182	1
1111	219	1
403	448	1
1112	156	1
336	200	1
1113	2183	1
511	197	1
10	271	1
1114	559	1
1115	466	1
1116	1048	1
683	409	1
1117	1421	1
164	1128	1
574	220	1
303	11	1
1118	153	1
1119	1076	1
1120	2184	1
1121	1303	1
1122	2185	1
467	1615	1
226	1981	1
463	593	1
186	196	1
812	190	1
79	83	1
679	83	1
1123	2186	1
1124	83	1
1125	641	1
990	102	1
1126	5	1
260	2187	1
1127	679	1
830	112	1
1128	501	1
1129	1112	1
385	1309	1
1130	417	1
1131	1655	1
333	2184	1
186	1398	1
356	873	1
688	143	1
589	2188	1
1132	2189	1
114	80	1
1133	1601	1
99	1076	1
609	505	1
1134	197	1
1135	1460	1
1136	1854	1
272	1485	1
399	432	1
261	2190	1
6	1846	1
1137	641	1
627	1167	1
1138	2191	1
185	112	1
505	2192	1
62	505	1
1139	2183	1
1140	2193	1
1141	1601	1
1142	1879	1
435	1072	1
828	673	1
1143	153	1
1144	2194	1
915	52	1
1145	1199	1
5	2140	1
1146	210	1
1006	539	1
144	895	1
1067	840	1
50	46	1
1147	997	1
1148	2195	1
1149	2008	1
642	1302	1
1150	2196	1
1151	65	1
1152	511	1
407	357	1
576	2197	1
1003	1525	1
482	2198	1
535	152	1
55	197	1
1138	2199	1
1153	5	1
829	1777	1
1154	987	1
560	1470	1
55	502	1
501	1561	1
7	1399	1
389	143	1
585	129	1
1155	1022	1
94	1165	1
1133	1141	1
1156	55	1
1157	866	1
126	1510	1
1158	2200	1
1159	2201	1
279	500	1
221	1135	1
959	844	1
1160	509	1
336	272	1
225	249	1
223	404	1
55	1319	1
151	83	1
325	523	1
318	1023	1
1161	1899	1
1162	426	1
1163	2202	1
129	975	1
1164	1571	1
339	1069	1
261	2101	1
1165	2203	1
447	588	1
1166	462	1
1167	1076	1
528	1128	1
925	1295	1
161	2204	1
929	2178	1
1168	2205	1
262	617	1
1169	270	1
1170	1802	1
1171	477	1
1019	2206	1
734	2207	1
1172	2208	1
905	807	1
694	28	1
1173	1503	1
1174	31	1
7	1437	1
315	969	1
1175	2209	1
181	7	1
1176	2210	1
1177	237	1
1178	2211	1
440	755	1
1055	1437	1
1179	201	1
1180	1263	1
1009	1027	1
1181	505	1
1182	504	1
1183	574	1
488	607	1
1184	55	1
261	2212	1
609	595	1
1185	52	1
1186	1384	1
79	52	1
1187	391	1
1163	566	1
1188	1827	1
299	1822	1
1189	2	1
94	46	1
54	403	1
52	609	1
1190	2213	1
341	1013	1
122	196	1
274	1931	1
65	5	1
1191	1930	1
605	2214	1
1192	1437	1
1193	1630	1
243	1599	1
315	327	1
342	2215	1
224	1397	1
1194	1023	1
1195	201	1
1196	2216	1
735	372	1
292	1269	1
5	949	1
705	775	1
11	156	1
1197	121	1
1198	529	1
52	101	1
1199	1393	1
1200	1076	1
261	2217	1
651	1182	1
400	1750	1
1201	2200	1
53	2218	1
1202	1135	1
1001	584	1
1203	959	1
1077	73	1
1182	399	1
1054	895	1
872	362	1
1204	337	1
892	807	1
1205	71	1
1206	1008	1
1207	1890	1
1208	1174	1
1209	1904	1
1210	1638	1
503	96	1
426	372	1
1211	1877	1
1100	1497	1
1212	566	1
1213	197	1
132	1153	1
684	112	1
46	2219	1
1214	591	1
846	560	1
587	1795	1
1069	1081	1
988	40	1
70	1280	1
186	2220	1
601	560	1
1020	588	1
1215	608	1
708	1772	1
225	1865	1
589	1135	1
50	2152	1
399	396	1
1216	364	1
1217	1083	1
80	1476	1
1218	2221	1
406	2222	1
12	1254	1
5	38	1
1219	83	1
1220	2223	1
1221	1549	1
518	51	1
756	223	1
1222	1310	1
1223	274	1
31	2224	1
1224	1944	1
542	52	1
1061	2225	1
153	488	1
1225	1744	1
364	2193	1
1226	652	1
275	79	1
625	2226	1
601	276	1
709	1792	1
644	52	1
5	1449	1
970	2023	1
1227	493	1
815	1371	1
1228	112	1
431	2227	1
581	590	1
432	2228	1
1229	2229	1
272	1128	1
862	2203	1
426	1076	1
221	197	1
1230	394	1
504	221	1
1231	2230	1
198	1466	1
377	794	1
1232	694	1
1001	1359	1
224	526	1
298	271	1
1233	1421	1
1219	521	1
117	1412	1
584	551	1
34	547	1
852	1590	1
364	65	1
1234	156	1
156	55	1
467	307	1
586	94	1
336	528	1
799	2231	1
1235	426	1
1236	1873	1
1237	1839	1
1238	1063	1
1239	574	1
230	271	1
340	554	1
577	231	1
382	2049	1
171	2232	1
1240	1135	1
1241	52	1
83	1917	1
1145	1076	1
747	975	1
1242	660	1
874	2233	1
26	16	1
681	1128	1
827	1405	1
1243	1743	1
1244	1274	1
1245	2234	1
1246	1090	1
46	1148	1
5	1495	1
1247	1665	1
31	2235	1
928	1503	1
1040	1834	1
205	336	1
1248	65	1
8	1713	1
54	1017	1
55	539	1
178	2022	1
29	1065	1
1249	405	1
974	1269	1
1250	2236	1
1251	1128	1
592	2227	1
1252	2237	1
518	415	1
55	703	1
1253	353	1
1254	584	1
1255	190	1
122	1072	1
949	55	1
1256	1012	1
367	1128	1
5	1200	1
1257	617	1
574	57	1
1258	1772	1
339	2238	1
417	1214	1
1259	222	1
1260	117	1
1214	80	1
1261	1128	1
55	2201	1
459	1128	1
559	1257	1
399	504	1
50	2239	1
1262	58	1
1263	1047	1
810	1739	1
600	231	1
65	310	1
1172	2240	1
1015	2241	1
1264	1891	1
379	509	1
214	2242	1
1265	1154	1
1266	594	1
55	1928	1
261	2243	1
96	895	1
475	1335	1
1127	2244	1
1267	731	1
310	50	1
1268	1820	1
136	1913	1
55	895	1
114	57	1
794	290	1
463	1518	1
274	2245	1
873	388	1
1269	2246	1
1270	1013	1
1271	1779	1
373	597	1
1272	2247	1
261	2248	1
1273	641	1
320	1813	1
1274	2249	1
839	895	1
1275	2250	1
1276	1713	1
186	2251	1
571	1528	1
1207	263	1
250	1391	1
115	1295	1
1277	915	1
31	50	1
446	794	1
38	1719	1
364	959	1
1278	1128	1
1279	1001	1
1280	1326	1
1281	866	1
54	2184	1
727	509	1
1282	36	1
423	2071	1
1283	2252	1
1284	1060	1
840	2237	1
413	1300	1
1285	1522	1
699	1810	1
996	2003	1
1286	1513	1
378	130	1
1287	487	1
55	391	1
296	987	1
1288	2223	1
1289	1307	1
1065	1214	1
1290	1421	1
1291	2253	1
969	1517	1
1049	2254	1
391	83	1
1292	574	1
50	2255	1
1293	1076	1
55	370	1
1022	52	1
1267	1768	1
1294	1161	1
1295	443	1
501	2256	1
1296	1855	1
1297	1795	1
1248	5	1
1298	52	1
1299	2257	1
1300	1899	1
863	58	1
1301	1777	1
742	1989	1
643	2176	1
490	1729	1
596	2258	1
214	492	1
802	463	1
988	2259	1
276	1338	1
129	112	1
1302	1456	1
1303	1989	1
1304	221	1
601	1058	1
1305	2260	1
753	794	1
50	447	1
20	241	1
1182	794	1
591	1808	1
1306	5	1
1307	2261	1
1308	112	1
861	2262	1
792	1869	1
656	1182	1
858	488	1
705	410	1
337	1173	1
1309	560	1
1310	799	1
315	1709	1
1311	1560	1
273	2263	1
300	400	1
481	1081	1
335	94	1
1312	94	1
1213	1304	1
261	102	1
1313	2264	1
91	2175	1
626	487	1
482	2265	1
336	609	1
1314	2266	1
1315	2267	1
596	2268	1
1316	241	1
779	1406	1
55	2269	1
656	715	1
359	2144	1
482	2270	1
201	589	1
1310	394	1
301	187	1
2	333	1
1317	2271	1
363	916	1
405	1512	1
1318	1076	1
1319	1421	1
447	427	1
1320	112	1
487	2120	1
347	1090	1
306	2017	1
186	2272	1
599	136	1
296	1989	1
792	1090	1
54	318	1
1092	2092	1
724	2273	1
65	1471	1
186	2274	1
447	272	1
719	2275	1
1005	112	1
536	1854	1
672	231	1
1321	2034	1
643	2276	1
261	833	1
1322	227	1
186	2277	1
144	227	1
584	113	1
364	5	1
558	337	1
573	426	1
842	828	1
1323	845	1
186	461	1
696	1962	1
1089	1116	1
1324	641	1
639	2278	1
1325	837	1
468	1819	1
705	2279	1
1326	1102	1
405	417	1
994	55	1
975	1214	1
1327	440	1
761	2196	1
1328	672	1
639	427	1
1329	1882	1
103	230	1
1330	2280	1
1331	332	1
672	402	1
1332	2281	1
96	444	1
51	427	1
1138	1451	1
197	1063	1
376	549	1
1333	1060	1
375	2282	1
677	895	1
22	635	1
1334	560	1
986	1739	1
1335	46	1
203	2283	1
734	1544	1
1025	998	1
752	1771	1
1336	2253	1
1337	83	1
163	1223	1
29	647	1
501	1629	1
602	163	1
1338	1145	1
1262	258	1
182	1103	1
1339	702	1
56	462	1
186	415	1
1340	979	1
1341	487	1
518	2284	1
1342	400	1
1085	1885	1
640	1303	1
1343	1943	1
616	993	1
156	490	1
353	2285	1
1344	350	1
261	408	1
1323	2052	1
1345	1726	1
1081	2286	1
1346	1822	1
1347	1989	1
1348	100	1
1349	22	1
141	1712	1
549	1302	1
573	394	1
46	2287	1
1350	1885	1
1351	196	1
80	2288	1
1352	83	1
609	885	1
1353	828	1
116	1343	1
227	2201	1
1046	1822	1
1354	28	1
1355	2289	1
1356	1976	1
969	970	1
697	1834	1
866	2290	1
225	313	1
75	178	1
1357	641	1
353	2206	1
1265	919	1
1358	2291	1
1359	261	1
313	274	1
597	2253	1
584	1689	1
1360	1573	1
785	196	1
203	1118	1
276	279	1
946	1484	1
705	511	1
680	558	1
1361	1677	1
1362	1432	1
1363	2292	1
51	70	1
1121	2293	1
1364	1075	1
1254	336	1
1365	139	1
1295	1875	1
1023	2294	1
1366	1801	1
553	1510	1
1367	137	1
1100	2295	1
1047	1689	1
819	1574	1
1368	461	1
1369	455	1
926	2247	1
112	1808	1
1370	2196	1
261	324	1
1371	406	1
1372	2227	1
31	2296	1
1197	1135	1
1373	112	1
1374	876	1
964	1979	1
372	988	1
38	609	1
1375	1348	1
1376	2297	1
698	1698	1
1377	1510	1
153	2298	1
376	126	1
817	602	1
384	1848	1
163	1939	1
1378	112	1
31	2299	1
335	432	1
1379	432	1
1380	1076	1
1214	2300	1
1381	2301	1
1382	1397	1
649	444	1
1055	1421	1
1383	773	1
874	1662	1
843	1214	1
6	1267	1
1063	1526	1
1354	440	1
685	1944	1
1020	38	1
564	992	1
56	1076	1
28	1019	1
110	1772	1
1384	196	1
278	2302	1
270	1128	1
655	1072	1
897	1870	1
278	443	1
54	2303	1
613	1128	1
1385	2304	1
236	1320	1
1386	31	1
204	829	1
648	1876	1
651	794	1
1387	2154	1
1049	499	1
660	2305	1
372	1913	1
1054	2306	1
1388	866	1
1128	2307	1
465	1666	1
1389	55	1
1390	971	1
810	1013	1
1391	2308	1
684	337	1
928	274	1
1392	489	1
1393	584	1
65	196	1
1394	2309	1
1190	812	1
153	432	1
738	2181	1
1395	196	1
573	312	1
1396	2114	1
143	1200	1
21	1768	1
1027	1153	1
153	205	1
1397	196	1
2	940	1
1398	278	1
274	2310	1
324	156	1
335	2128	1
511	584	1
83	1643	1
1399	2110	1
830	1808	1
272	487	1
31	108	1
1074	2311	1
884	1397	1
119	2312	1
376	2313	1
83	1566	1
1400	201	1
1148	1800	1
376	652	1
5	1974	1
581	481	1
376	29	1
167	487	1
492	709	1
1401	2179	1
1212	2314	1
584	1730	1
462	1022	1
641	2315	1
1101	163	1
1402	1921	1
806	1919	1
1056	83	1
611	1882	1
415	141	1
1403	83	1
479	1915	1
55	77	1
609	876	1
5	340	1
1404	833	1
481	2316	1
465	948	1
1190	1322	1
46	271	1
499	2317	1
481	711	1
1405	2318	1
1406	1891	1
31	2319	1
833	1053	1
1407	1391	1
447	367	1
1408	2320	1
7	1200	1
1409	337	1
684	2059	1
1410	2321	1
1411	2322	1
1412	31	1
76	742	1
1413	279	1
1414	381	1
1415	1630	1
225	182	1
1212	112	1
1416	522	1
837	2323	1
646	1808	1
380	1689	1
347	2146	1
1014	1128	1
1222	1793	1
1413	2227	1
1417	270	1
685	1929	1
5	81	1
1418	216	1
1419	46	1
1193	2324	1
263	35	1
1108	1811	1
1379	94	1
325	997	1
44	1887	1
94	1128	1
1420	95	1
116	112	1
1421	2325	1
1422	1995	1
1423	308	1
1424	112	1
654	376	1
356	2	1
30	221	1
272	1772	1
1100	2326	1
1425	2101	1
1426	785	1
178	561	1
640	1665	1
199	488	1
274	1518	1
490	80	1
870	1864	1
1427	2327	1
426	143	1
83	687	1
1428	2223	1
341	2128	1
1429	1053	1
1430	1274	1
1431	1097	1
261	2328	1
992	447	1
1432	2329	1
1433	52	1
1309	1274	1
2	2330	1
1214	692	1
359	898	1
1434	1369	1
1435	2263	1
50	1068	1
112	2331	1
1436	2332	1
1437	1330	1
134	426	1
1093	1132	1
1438	1503	1
1439	1475	1
1440	112	1
216	763	1
1441	153	1
1442	1877	1
1443	2333	1
79	1337	1
325	2334	1
83	178	1
1151	689	1
102	2146	1
501	2335	1
998	673	1
1444	1074	1
1083	174	1
683	477	1
422	2336	1
55	888	1
1398	1494	1
40	1993	1
902	641	1
387	157	1
1445	2337	1
488	702	1
272	509	1
2	556	1
689	901	1
1446	270	1
591	2075	1
1259	2338	1
293	1000	1
1447	952	1
275	1399	1
1444	2339	1
1087	1243	1
1166	856	1
1448	1476	1
1379	221	1
1449	1335	1
315	54	1
1450	676	1
927	2340	1
1153	311	1
646	446	1
1451	2191	1
1452	1001	1
1258	334	1
847	251	1
5	283	1
5	2341	1
992	463	1
1453	2342	1
1454	129	1
843	1772	1
646	370	1
684	1432	1
799	1154	1
477	1242	1
1455	639	1
565	246	1
1456	2343	1
363	589	1
251	2344	1
224	1503	1
651	370	1
1457	831	1
22	2167	1
803	2196	1
21	449	1
465	2345	1
555	554	1
52	1930	1
1063	1421	1
1280	2254	1
258	948	1
1262	2346	1
5	1928	1
275	542	1
187	1875	1
1458	112	1
761	148	1
1459	41	1
1460	1421	1
940	1302	1
1461	112	1
709	1037	1
965	613	1
1462	560	1
685	1135	1
279	2264	1
1463	641	1
22	869	1
685	379	1
1464	1019	1
1465	2294	1
1466	1913	1
50	2347	1
175	1437	1
392	307	1
1467	1348	1
3	2348	1
1173	1076	1
866	1872	1
1468	1496	1
560	1834	1
1469	1072	1
50	1712	1
333	505	1
1470	2083	1
261	2349	1
1471	1222	1
1300	719	1
1372	553	1
520	2350	1
551	2351	1
1421	158	1
200	502	1
1472	261	1
107	29	1
869	959	1
5	198	1
22	609	1
1473	578	1
1474	1300	1
886	112	1
1475	2352	1
609	1080	1
1476	1524	1
55	2353	1
1477	83	1
225	1561	1
65	1802	1
1478	2261	1
415	2354	1
118	182	1
309	2355	1
1479	2356	1
1480	490	1
1054	444	1
144	1260	1
1481	1391	1
426	1274	1
1482	2357	1
815	2358	1
1483	2264	1
438	1494	1
143	1274	1
224	959	1
83	1187	1
1146	780	1
376	1795	1
726	1985	1
123	129	1
1336	2359	1
646	153	1
807	616	1
1484	461	1
1485	249	1
50	463	1
943	2360	1
403	1709	1
488	959	1
496	197	1
287	1753	1
298	461	1
391	196	1
313	1800	1
364	96	1
1486	668	1
1487	1254	1
1488	2361	1
156	2362	1
1489	2363	1
990	507	1
1490	676	1
1491	2364	1
83	2365	1
337	489	1
1214	1939	1
1367	1944	1
241	584	1
261	2366	1
337	461	1
1492	1097	1
335	205	1
5	584	1
227	31	1
1493	196	1
1163	592	1
1494	1797	1
1026	405	1
447	339	1
118	2367	1
500	196	1
205	221	1
462	948	1
198	2368	1
178	55	1
1495	1514	1
1132	2369	1
31	1642	1
815	2182	1
1496	1254	1
329	1862	1
128	1725	1
1223	987	1
1497	1348	1
112	2370	1
1498	1863	1
501	2166	1
1499	271	1
50	1128	1
1300	2371	1
1500	229	1
557	1393	1
1501	2372	1
903	2373	1
591	165	1
1128	2374	1
694	2352	1
176	1772	1
1502	2375	1
1460	55	1
1152	2264	1
801	2045	1
637	52	1
1503	102	1
807	407	1
1504	1135	1
5	744	1
646	399	1
1505	1161	1
941	440	1
261	2376	1
960	499	1
798	792	1
65	2	1
772	2253	1
1506	1385	1
1270	561	1
48	314	1
1507	94	1
1508	560	1
870	103	1
40	1080	1
225	50	1
576	2096	1
190	666	1
1304	197	1
1128	2300	1
45	2377	1
50	591	1
1509	1800	1
94	1214	1
602	2378	1
1510	1214	1
1511	860	1
178	1397	1
1091	488	1
109	2379	1
1512	1470	1
178	1013	1
1265	2380	1
1261	334	1
1182	432	1
1513	1135	1
1514	535	1
1515	918	1
403	810	1
144	1054	1
186	193	1
1516	488	1
19	222	1
259	2381	1
523	1929	1
440	1053	1
1517	2102	1
673	2277	1
1518	1128	1
1519	339	1
372	676	1
792	54	1
163	427	1
33	6	1
1520	1271	1
245	627	1
1521	1730	1
73	67	1
1522	2073	1
1086	112	1
1418	1412	1
1518	987	1
1415	1193	1
1053	1000	1
356	598	1
1019	336	1
462	2382	1
1523	742	1
505	311	1
676	501	1
748	1595	1
1013	959	1
866	302	1
1524	948	1
684	2383	1
627	1164	1
802	1772	1
703	1449	1
118	1253	1
3	1219	1
1525	1998	1
1394	787	1
1526	715	1
806	1316	1
1527	1019	1
1528	197	1
574	222	1
527	831	1
83	196	1
351	535	1
46	358	1
230	1864	1
1529	1503	1
309	107	1
505	52	1
1060	2384	1
1300	1048	1
1530	2042	1
1531	606	1
260	1956	1
1169	1226	1
1532	2385	1
66	360	1
309	163	1
1533	2386	1
261	1163	1
385	1522	1
210	2387	1
591	432	1
182	987	1
1534	71	1
516	959	1
1013	1739	1
80	2388	1
204	2389	1
377	432	1
345	1739	1
336	1928	1
646	504	1
923	1190	1
860	1199	1
197	1312	1
5	2302	1
811	486	1
657	1879	1
558	1072	1
1535	112	1
1493	1503	1
1166	782	1
1398	641	1
105	2390	1
574	426	1
1536	560	1
1537	2391	1
925	1875	1
190	15	1
1538	2343	1
1539	2126	1
270	221	1
55	1213	1
1540	1795	1
1541	802	1
186	22	1
182	1128	1
1542	646	1
1543	201	1
1544	1263	1
1545	196	1
1546	535	1
1547	1159	1
1548	1391	1
1537	2392	1
163	2157	1
1549	83	1
388	466	1
1550	792	1
22	155	1
1551	271	1
458	227	1
761	1696	1
1552	597	1
1040	1797	1
1553	133	1
831	2393	1
681	31	1
1554	2318	1
679	1808	1
22	336	1
1555	200	1
20	1274	1
1556	672	1
549	1255	1
1557	831	1
551	1363	1
1071	298	1
1558	499	1
376	1199	1
929	2268	1
543	1254	1
509	5	1
1559	831	1
500	2394	1
276	461	1
166	440	1
756	940	1
1560	2395	1
1561	57	1
660	863	1
535	313	1
614	5	1
1009	132	1
336	2396	1
1562	55	1
961	776	1
309	1128	1
1563	2045	1
175	584	1
1564	1851	1
21	1267	1
264	2171	1
1471	223	1
301	2397	1
124	1522	1
111	227	1
1255	1199	1
43	105	1
642	440	1
646	432	1
1565	2398	1
144	444	1
6	731	1
1566	270	1
205	511	1
3	2285	1
278	180	1
1567	80	1
1053	28	1
574	175	1
894	792	1
1568	946	1
1148	2173	1
65	372	1
1200	394	1
1423	492	1
222	2200	1
954	227	1
157	1826	1
625	2201	1
1569	222	1
281	2102	1
294	249	1
584	2399	1
747	375	1
1570	2400	1
1571	293	1
364	841	1
1572	1260	1
325	2261	1
5	2401	1
281	1675	1
11	1904	1
1573	692	1
1436	2402	1
596	910	1
724	2403	1
340	2003	1
1574	676	1
22	1063	1
499	1240	1
769	880	1
1575	488	1
1576	203	1
444	959	1
988	1214	1
1335	1128	1
1299	2404	1
1577	831	1
391	488	1
735	141	1
1578	2405	1
1579	1607	1
83	810	1
504	446	1
1580	1522	1
156	501	1
648	160	1
1581	2406	1
46	2407	1
250	584	1
196	488	1
950	863	1
1582	176	1
175	1421	1
1583	2408	1
250	398	1
1584	264	1
511	221	1
205	197	1
1585	38	1
1586	2337	1
1587	91	1
569	1736	1
249	1128	1
1588	112	1
426	389	1
794	399	1
747	94	1
130	2184	1
549	1456	1
1589	91	1
225	427	1
358	1800	1
874	953	1
1387	2196	1
222	1966	1
1497	1342	1
1590	5	1
356	2065	1
164	1153	1
1591	143	1
1592	1399	1
1201	758	1
589	915	1
1593	2409	1
1322	275	1
1594	196	1
902	2146	1
1595	1200	1
261	2410	1
1596	1930	1
705	265	1
1597	2411	1
1598	1199	1
535	272	1
727	462	1
1599	1200	1
643	227	1
104	492	1
62	1858	1
1128	163	1
267	819	1
354	2410	1
1235	389	1
312	506	1
1600	1460	1
1601	2412	1
1602	16	1
1603	2413	1
259	2414	1
1604	2415	1
178	1270	1
1605	2416	1
1333	2101	1
943	112	1
212	2417	1
278	197	1
280	1319	1
553	1200	1
1606	1791	1
1607	2418	1
546	2022	1
1211	83	1
896	293	1
1528	1928	1
1608	1303	1
927	703	1
799	2270	1
3	1001	1
1609	2196	1
1610	1391	1
359	1440	1
1611	2202	1
1283	781	1
1612	2419	1
781	1271	1
1613	337	1
501	1783	1
1614	112	1
1615	2024	1
849	1374	1
767	2420	1
1541	201	1
1616	1810	1
1132	755	1
1617	1930	1
584	83	1
327	77	1
502	1135	1
432	1827	1
1618	2421	1
744	487	1
106	196	1
306	2270	1
1022	83	1
1619	119	1
1620	1963	1
1621	2422	1
504	94	1
71	1545	1
1622	141	1
646	651	1
1623	1995	1
31	114	1
892	675	1
1194	882	1
261	2257	1
558	489	1
1071	103	1
1624	2102	1
272	987	1
1625	2343	1
1626	1242	1
1627	83	1
496	399	1
303	245	1
1628	1108	1
705	874	1
949	1274	1
520	1132	1
259	2423	1
1192	364	1
1629	1800	1
1630	1638	1
336	2424	1
413	2425	1
1453	2156	1
685	5	1
1631	261	1
1268	1915	1
94	987	1
1181	1777	1
1295	278	1
1632	2426	1
1633	306	1
1634	1246	1
1635	370	1
74	463	1
389	222	1
1636	2427	1
1637	2428	1
1638	1778	1
1639	359	1
1427	30	1
1640	2429	1
1047	1271	1
1641	1689	1
482	2430	1
1642	2059	1
309	2031	1
196	194	1
807	2176	1
1643	65	1
1644	71	1
1645	1799	1
751	1835	1
74	1128	1
42	1017	1
1466	1200	1
1599	143	1
1646	2431	1
37	1520	1
498	1653	1
54	970	1
510	1810	1
32	385	1
1647	2432	1
38	2433	1
796	7	1
238	1713	1
164	132	1
272	46	1
196	2434	1
683	58	1
161	2435	1
1648	2436	1
1377	1976	1
426	222	1
1272	1076	1
29	2437	1
46	123	1
1649	560	1
1650	197	1
1522	98	1
342	2438	1
979	336	1
1429	172	1
1258	1128	1
1495	509	1
805	196	1
892	1190	1
1358	1885	1
1651	1869	1
1165	1274	1
940	941	1
681	987	1
1652	370	1
831	2439	1
1559	582	1
31	2440	1
1503	729	1
1653	1553	1
278	2441	1
1654	1035	1
197	1928	1
1482	2442	1
341	1739	1
461	1795	1
112	2443	1
711	872	1
596	461	1
1222	20	1
1655	2444	1
261	2445	1
415	1269	1
1307	711	1
80	2446	1
1656	1944	1
307	2447	1
334	2448	1
133	1151	1
1657	2449	1
1537	2450	1
1372	482	1
772	373	1
1561	80	1
1658	2451	1
223	197	1
1284	488	1
1254	464	1
1659	112	1
869	915	1
1660	280	1
589	576	1
1307	872	1
1661	2452	1
33	1267	1
274	1326	1
971	274	1
1662	198	1
885	129	1
237	54	1
1663	595	1
1664	2265	1
1665	2207	1
359	91	1
446	915	1
1666	1725	1
1502	2453	1
75	2452	1
426	52	1
1667	1274	1
482	2454	1
83	28	1
1668	2336	1
129	417	1
1669	1485	1
527	2389	1
12	79	1
12	83	1
1670	1397	1
21	33	1
313	987	1
1671	1375	1
1672	641	1
1673	2216	1
1674	38	1
313	46	1
951	1976	1
48	2455	1
50	1613	1
1675	2456	1
54	1023	1
398	1019	1
260	1747	1
1357	370	1
1505	1294	1
1676	1480	1
249	1644	1
261	2041	1
1186	394	1
518	274	1
294	54	1
990	2457	1
1677	785	1
1678	658	1
71	163	1
1679	163	1
738	484	1
172	1050	1
1261	487	1
1680	574	1
46	1121	1
1681	643	1
81	816	1
134	1135	1
1077	618	1
1682	83	1
1171	2227	1
54	2098	1
1013	561	1
1683	353	1
1684	1072	1
126	80	1
605	1086	1
1685	106	1
1335	987	1
995	715	1
306	881	1
703	1421	1
197	370	1
1686	1558	1
1687	198	1
1054	2458	1
1257	197	1
1688	596	1
344	1788	1
336	2459	1
426	1399	1
1689	16	1
601	1512	1
1555	83	1
309	1214	1
1690	1772	1
241	2460	1
1091	2164	1
1691	1875	1
1100	1325	1
560	2461	1
605	2462	1
640	175	1
1692	1503	1
811	750	1
55	2463	1
1291	772	1
114	1800	1
1300	2464	1
968	83	1
511	94	1
518	1280	1
300	1342	1
1693	481	1
1200	2465	1
208	1800	1
1163	2466	1
261	231	1
1060	1808	1
1421	389	1
363	531	1
1694	1173	1
847	7	1
499	2467	1
68	54	1
1566	1226	1
1443	728	1
590	2051	1
1432	1260	1
1695	490	1
276	76	1
54	112	1
446	153	1
1696	2468	1
1583	370	1
627	1810	1
146	1522	1
863	2305	1
704	2469	1
359	2470	1
1697	1510	1
1020	764	1
13	1397	1
1503	156	1
411	206	1
57	1629	1
1382	83	1
1537	2187	1
190	1654	1
50	1800	1
225	272	1
1214	163	1
379	177	1
1698	2471	1
1273	112	1
225	208	1
488	1514	1
1503	2090	1
1641	481	1
1699	2264	1
885	196	1
1108	2472	1
901	1535	1
1700	1877	1
978	54	1
584	799	1
1701	692	1
1702	590	1
356	388	1
423	2153	1
1703	1589	1
190	1795	1
1453	52	1
700	464	1
31	1260	1
761	2202	1
1704	112	1
200	1403	1
1678	98	1
22	511	1
172	1346	1
907	321	1
1333	431	1
1705	2164	1
1706	112	1
1652	432	1
1510	2096	1
709	1828	1
1248	1694	1
1707	2473	1
112	405	1
1708	831	1
1709	970	1
613	987	1
53	847	1
1710	831	1
1711	307	1
1712	1135	1
1713	2474	1
1714	1076	1
398	2475	1
118	2476	1
227	71	1
1715	2477	1
90	2350	1
733	1017	1
112	2478	1
1716	1429	1
652	339	1
467	1539	1
38	1048	1
1469	1401	1
1717	1080	1
1718	535	1
123	274	1
21	6	1
649	1797	1
1719	1048	1
1460	83	1
1393	1375	1
261	2	1
1417	1962	1
51	415	1
1720	2196	1
687	2479	1
276	1470	1
118	353	1
1031	1324	1
42	236	1
1399	370	1
1721	1135	1
22	915	1
1017	112	1
1	2480	1
1222	143	1
1110	1274	1
1148	987	1
1722	1739	1
1304	1928	1
744	1772	1
1723	1309	1
311	1811	1
499	2002	1
130	1260	1
1724	1988	1
333	431	1
1725	1178	1
671	1072	1
1656	1929	1
1726	1173	1
52	55	1
270	129	1
1258	1214	1
676	274	1
141	98	1
1217	641	1
208	274	1
154	589	1
1727	112	1
118	2302	1
1728	241	1
82	549	1
1061	2003	1
223	143	1
992	1128	1
274	2240	1
1729	1793	1
146	885	1
259	2481	1
1730	2482	1
145	481	1
1700	5	1
1731	1013	1
761	156	1
1137	112	1
50	2483	1
567	41	1
1732	2484	1
1008	196	1
1033	274	1
1058	385	1
50	802	1
1733	463	1
1292	1689	1
1734	755	1
1735	776	1
1674	391	1
1545	2485	1
518	70	1
564	1849	1
145	987	1
467	2486	1
261	2487	1
337	1072	1
1736	1962	1
651	153	1
1207	2488	1
991	1128	1
1394	2080	1
110	487	1
481	1326	1
80	2489	1
1177	428	1
1737	393	1
62	1087	1
1738	1437	1
336	2490	1
1739	2128	1
313	1128	1
1357	2156	1
1709	1017	1
1451	846	1
141	463	1
392	175	1
31	843	1
699	393	1
1740	54	1
1374	1558	1
825	715	1
992	46	1
1741	1915	1
1742	1072	1
428	1717	1
1743	1858	1
447	885	1
157	55	1
1744	866	1
910	895	1
1745	2491	1
1411	2012	1
289	16	1
869	197	1
1287	787	1
1746	1744	1
225	866	1
651	432	1
1227	2492	1
1747	742	1
727	376	1
1748	2426	1
307	1415	1
1475	694	1
1749	397	1
102	1348	1
1750	855	1
880	1161	1
357	993	1
861	353	1
1751	112	1
1711	1630	1
1752	161	1
186	1491	1
46	2240	1
339	143	1
186	712	1
715	2003	1
359	333	1
1153	52	1
1495	1006	1
108	1712	1
695	2070	1
447	1518	1
1753	1320	1
1754	356	1
549	336	1
1755	345	1
1756	1214	1
31	427	1
1757	672	1
28	684	1
206	242	1
1758	1322	1
1173	1538	1
2	2493	1
1409	376	1
916	327	1
1759	2494	1
156	57	1
261	2495	1
1760	236	1
1660	2496	1
772	597	1
522	1088	1
278	673	1
156	2497	1
1761	1961	1
83	1421	1
807	993	1
708	1774	1
1762	2498	1
487	2499	1
1763	440	1
1764	948	1
8	2181	1
1765	2500	1
1766	2501	1
225	1398	1
840	692	1
1767	1186	1
22	205	1
934	398	1
287	1170	1
186	1775	1
101	2634	0
753	2635	0
2502	19	0
1185	2636	0
869	2637	0
1756	2638	0
2503	2639	0
915	390	0
1270	1975	0
2504	2640	0
332	2641	0
986	2642	0
1671	1790	0
2505	2643	0
414	714	0
2506	2644	0
1296	1140	0
2507	2645	0
2508	2646	0
1335	2647	0
1535	2648	0
2509	2649	0
2510	2408	0
505	2650	0
2282	2651	0
1238	2652	0
525	2653	0
2511	2654	0
2035	2408	0
1528	2645	0
598	2655	0
1342	1353	0
2512	1495	0
2513	1495	0
2514	2656	0
2515	2657	0
2516	2658	0
2380	1693	0
2517	2659	0
306	2660	0
2518	2661	0
1100	1208	0
2519	2662	0
869	2032	0
377	1649	0
504	779	0
1397	958	0
101	2663	0
1627	2664	0
790	2665	0
2520	788	0
2521	1790	0
34	2641	0
2522	284	0
2523	2666	0
2524	1444	0
2525	2667	0
34	2635	0
400	2668	0
2526	2669	0
34	2670	0
336	2647	0
2299	2671	0
2527	2445	0
605	2672	0
2528	2673	0
2111	2674	0
2128	1293	0
2529	2651	0
502	2675	0
306	2676	0
525	2663	0
2530	2677	0
619	2678	0
1213	2679	0
2217	1174	0
869	166	0
2128	2680	0
1549	2681	0
2128	175	0
2380	1495	0
2503	2655	0
388	2674	0
2340	2652	0
2503	1233	0
571	788	0
2531	2643	0
2532	175	0
1535	2682	0
2533	2641	0
2534	2683	0
341	2673	0
1182	2684	0
2521	2662	0
986	1835	0
165	2685	0
2514	551	0
615	2671	0
2535	2673	0
768	2686	0
1722	885	0
2536	2687	0
1379	2688	0
504	2689	0
1342	166	0
849	2690	0
1528	2643	0
511	2691	0
2520	29	0
810	2692	0
732	2693	0
1875	2694	0
2537	574	0
336	2695	0
1433	1538	0
2538	2641	0
1434	2696	0
2217	2634	0
2539	303	0
2540	2697	0
2540	2360	0
1743	1519	0
2541	2059	0
541	2698	0
221	1250	0
1301	2699	0
101	1952	0
541	2700	0
1134	788	0
1782	2668	0
2542	2668	0
2543	2701	0
2508	2673	0
1826	2672	0
502	2693	0
670	1804	0
2507	2702	0
2544	2703	0
2545	760	0
1535	1841	0
541	2339	0
557	314	0
2511	1359	0
1270	2704	0
2546	2702	0
2547	2683	0
1115	471	0
2315	424	0
1826	1970	0
2548	2705	0
102	2706	0
2549	303	0
745	2707	0
2502	2708	0
400	1095	0
2550	2441	0
561	1567	0
2513	540	0
2504	2709	0
2551	2710	0
2504	2656	0
2026	1353	0
2552	1514	0
2553	9	0
2522	2701	0
2554	2650	0
1826	2651	0
1978	2648	0
2505	2711	0
197	2712	0
1182	2663	0
2538	2708	0
2358	2339	0
849	2685	0
901	2713	0
873	1636	0
2555	2714	0
2538	481	0
2315	2696	0
1056	2339	0
1369	303	0
2545	2715	0
563	2716	0
2503	2135	0
2556	2717	0
2557	2461	0
2526	2445	0
670	2711	0
504	1607	0
2522	965	0
197	965	0
2516	2718	0
753	2719	0
2558	2720	0
2551	1567	0
2340	2710	0
2430	2718	0
1826	1600	0
504	424	0
439	2635	0
1875	2486	0
2559	1233	0
1826	303	0
1182	2701	0
1572	2721	0
2560	2339	0
2128	2722	0
1798	2723	0
2479	1068	0
2561	2724	0
2519	2652	0
2562	2725	0
2563	540	0
2564	2635	0
1185	2688	0
665	2654	0
1241	2032	0
1100	2682	0
2565	527	0
1304	2726	0
2524	19	0
336	2727	0
377	2640	0
753	2634	0
725	2668	0
986	314	0
2566	2486	0
2434	2727	0
1115	2647	0
2542	2655	0
2567	2635	0
2568	2728	0
2537	2461	0
2569	2729	0
2524	2730	0
1928	2731	0
2570	2661	0
1711	1409	0
2571	1494	0
776	2732	0
2529	2682	0
2053	2661	0
2572	2659	0
774	2634	0
2573	1835	0
2559	2694	0
539	2688	0
2542	12	0
2504	2683	0
616	2697	0
2574	66	0
816	2671	0
561	2710	0
2575	2683	0
2503	2733	0
1213	1625	0
2576	2734	0
1671	2735	0
2573	1841	0
178	2658	0
1371	2727	0
2380	2736	0
2577	2339	0
2520	2698	0
101	540	0
2502	2351	0
2578	958	0
1091	1690	0
2558	2737	0
539	1355	0
557	2738	0
34	1740	0
1369	2647	0
2562	2739	0
505	2740	0
2516	2741	0
2512	2742	0
2569	2708	0
2579	2715	0
1671	2660	0
816	1472	0
2214	2743	0
336	2654	0
2380	390	0
2572	2715	0
2035	193	0
2502	2738	0
511	2135	0
1249	2744	0
849	2745	0
341	50	0
2580	2741	0
651	1573	0
2548	2746	0
2515	2634	0
605	2685	0
1106	2747	0
901	2748	0
615	2657	0
1875	424	0
2581	1781	0
2582	2749	0
2456	1140	0
2512	2750	0
2583	2751	0
2324	1690	0
2282	2686	0
377	2734	0
293	1208	0
1270	2752	0
1304	2753	0
1798	267	0
2515	2709	0
2572	630	0
2514	2461	0
52	1409	0
651	2754	0
1379	2727	0
2212	2749	0
2584	2755	0
1433	1409	0
2584	390	0
2522	2756	0
1816	2114	0
2585	1841	0
2586	2657	0
2299	2757	0
2434	2663	0
1528	2758	0
539	1600	0
1221	2758	0
2299	2292	0
2528	2697	0
1221	2634	0
2563	2759	0
2514	2733	0
2524	1649	0
2299	2748	0
432	2760	0
1270	1272	0
468	2661	0
1301	2691	0
1182	2703	0
2430	1513	0
504	175	0
159	2672	0
2401	2761	0
605	2655	0
1528	2663	0
2550	2678	0
1798	2750	0
2536	1095	0
2587	2646	0
1782	1353	0
2540	2701	0
83	314	0
2535	2720	0
197	904	0
1137	2684	0
1371	2648	0
1304	481	0
406	2658	0
1610	1733	0
2479	2727	0
1238	2640	0
1756	2762	0
2572	2114	0
290	1790	0
1151	2634	0
2512	1952	0
1116	2763	0
810	2750	0
2212	2662	0
2214	2684	0
1433	2725	0
165	2764	0
2544	2135	0
1572	2685	0
221	2765	0
539	1835	0
753	2766	0
2273	2767	0
732	1693	0
2561	2742	0
615	2663	0
619	2768	0
2508	2648	0
962	1208	0
170	1975	0
2532	2684	0
2128	2737	0
1304	2351	0
747	1472	0
2510	2659	0
2557	2769	0
873	1975	0
2540	2770	0
2128	1629	0
1296	2669	0
542	66	0
2546	2652	0
656	2638	0
1871	2696	0
2524	2750	0
1739	2674	0
2578	2763	0
2579	2671	0
332	2771	0
2479	1250	0
753	2772	0
167	2681	0
2542	2733	0
2588	2646	0
1497	1804	0
1027	2773	0
598	2774	0
2589	175	0
915	2660	0
1091	788	0
849	2695	0
2573	2695	0
2590	2172	0
1301	2696	0
1549	2702	0
589	1600	0
921	268	0
2578	1140	0
2535	885	0
1497	367	0
2548	2771	0
2537	885	0
768	2739	0
1335	2775	0
1871	1740	0
2591	422	0
468	1636	0
159	965	0
1301	50	0
2550	1513	0
921	2776	0
2159	2754	0
2564	2777	0
2340	506	0
2319	574	0
1134	2661	0
2543	2708	0
2560	2704	0
2592	2634	0
2593	2778	0
1535	2779	0
2563	2697	0
1743	2780	0
2592	2781	0
2594	2486	0
1091	2757	0
1978	2782	0
102	2783	0
2539	1781	0
986	110	0
229	50	0
2530	2743	0
2340	2757	0
1978	110	0
2523	885	0
2595	2784	0
2580	2785	0
1339	719	0
2503	2786	0
2596	248	0
2584	2647	0
1816	2675	0
539	1472	0
2525	2765	0
2597	2713	0
1304	2653	0
391	2787	0
732	2063	0
2532	756	0
2512	2767	0
1816	2788	0
873	61	0
2598	1444	0
2548	2789	0
2599	2662	0
1115	2785	0
994	390	0
747	1600	0
1304	2715	0
2574	424	0
1937	2360	0
1415	1174	0
391	2635	0
167	2790	0
2512	2791	0
2600	2653	0
2556	2726	0
665	1140	0
2601	2717	0
561	2650	0
2260	2769	0
561	748	0
2602	2784	0
2516	2792	0
2564	2783	0
2603	2725	0
1249	2741	0
197	2793	0
221	2744	0
52	2680	0
2479	1444	0
689	1208	0
2159	2794	0
2531	2795	0
2380	2769	0
670	2755	0
2585	2669	0
2510	2675	0
1151	166	0
2560	2653	0
2568	2796	0
2604	2742	0
2594	2637	0
1134	424	0
1928	2641	0
1826	2676	0
525	1835	0
2596	551	0
968	2718	0
768	1649	0
525	2706	0
1434	1272	0
229	1472	0
2594	2771	0
2567	390	0
810	2693	0
2589	2741	0
595	2797	0
2551	2781	0
2595	2635	0
2563	2711	0
1213	2713	0
2588	885	0
1369	788	0
101	551	0
1937	1353	0
2260	2798	0
2573	2794	0
617	2799	0
2605	2114	0
1091	2687	0
2548	2799	0
2551	2656	0
2547	314	0
1298	424	0
1100	1409	0
1127	2794	0
306	2689	0
1671	630	0
2606	66	0
2603	2800	0
388	2796	0
2577	2801	0
1116	1140	0
1572	1409	0
2606	2778	0
2589	2736	0
2551	2643	0
2607	965	0
293	2670	0
2521	248	0
2212	390	0
892	1733	0
2575	1095	0
774	2713	0
1319	278	0
2315	2660	0
341	2241	0
2608	2063	0
2299	1293	0
2540	2802	0
2598	2650	0
2519	1804	0
1711	2685	0
1369	2712	0
2533	268	0
1627	166	0
1379	1625	0
651	2704	0
388	2688	0
2609	272	0
1722	2767	0
2560	2640	0
2610	19	0
2573	2803	0
2583	2655	0
2592	61	0
2566	2640	0
2586	2741	0
921	1250	0
2580	551	0
1340	2800	0
753	2804	0
849	1359	0
810	2713	0
1671	1740	0
2572	2718	0
2582	2805	0
439	2726	0
2598	2646	0
83	2661	0
747	50	0
2520	2758	0
2159	1250	0
2559	2806	0
1549	2683	0
1379	2807	0
2324	1495	0
921	2686	0
2557	2719	0
1415	2808	0
22	2713	0
2551	2793	0
2610	2760	0
2533	2765	0
2509	267	0
1735	2809	0
2601	422	0
2596	2705	0
1816	2666	0
1928	2806	0
2509	2797	0
1826	1975	0
1115	2783	0
2582	2641	0
2566	2751	0
2156	2810	0
2358	2032	0
1756	2745	0
849	2811	0
159	2805	0
1928	2644	0
2611	29	0
2601	2812	0
1798	2782	0
1756	2644	0
165	2813	0
2358	2774	0
2609	2679	0
504	1174	0
1572	1600	0
2596	2673	0
2536	2740	0
1871	2726	0
1739	2668	0
1340	2650	0
2546	2717	0
656	2698	0
439	2736	0
2430	1355	0
2538	2650	0
2525	1600	0
2217	885	0
2579	2300	0
101	2641	0
2583	1636	0
2611	2803	0
2610	2751	0
290	2135	0
2035	2725	0
1249	2814	0
39	2728	0
2612	2669	0
2509	573	0
1106	540	0
2544	2748	0
747	2682	0
884	2770	0
2613	19	0
2518	2699	0
616	175	0
2522	2815	0
2579	2775	0
439	918	0
595	2789	0
1137	2816	0
1875	2774	0
2598	2114	0
2605	2300	0
2607	2656	0
165	2753	0
2485	1359	0
2614	2709	0
2517	2817	0
2456	2135	0
167	2649	0
1528	303	0
1342	2695	0
2507	2818	0
505	1353	0
2615	2807	0
2111	2703	0
2324	2461	0
1871	2063	0
55	1265	0
605	1495	0
2153	2819	0
2578	2760	0
2553	2699	0
2538	2784	0
2589	2820	0
2594	2719	0
1127	2789	0
178	2408	0
962	2810	0
3	343	0
1342	19	0
290	2791	0
257	2741	0
229	273	0
1304	2807	0
2616	2114	0
2541	2738	0
605	273	0
102	1293	0
2527	2821	0
2430	2654	0
924	1781	0
2544	574	0
1304	756	0
986	1636	0
229	2665	0
55	2656	0
617	2059	0
2319	2820	0
2617	2627	0
2557	2241	0
2026	2757	0
1371	1359	0
1182	2718	0
753	2702	0
2598	2792	0
2582	1514	0
1270	2775	0
2618	2684	0
1349	2817	0
2560	2759	0
2544	2814	0
2592	527	0
2567	193	0
400	2300	0
2560	1519	0
1116	1690	0
2522	574	0
816	1960	0
2615	2661	0
1241	2742	0
2589	506	0
2315	2668	0
2585	9	0
2128	904	0
158	709	0
1027	2717	0
1137	1208	0
1816	2799	0
732	2643	0
165	2798	0
2514	2193	0
1549	2682	0
1875	193	0
2580	2797	0
2550	2339	0
2156	2759	0
1549	110	0
2615	2822	0
2602	2741	0
2581	2821	0
2539	1014	0
2608	2799	0
2550	2821	0
1091	2777	0
2572	2693	0
1127	1353	0
2517	2823	0
2434	2721	0
246	1354	0
2596	630	0
2619	2752	0
617	2779	0
1549	2550	0
2430	2339	0
2520	2722	0
2620	574	0
1937	2782	0
2159	573	0
1434	2059	0
2430	2754	0
869	2645	0
2574	2676	0
2598	1265	0
1301	2698	0
915	2727	0
2507	2771	0
1751	2698	0
2026	1174	0
1756	2339	0
2527	1740	0
2214	2802	0
689	2677	0
741	2640	0
1751	267	0
689	2639	0
2536	2674	0
2551	267	0
306	760	0
2585	1293	0
2583	267	0
2282	1841	0
810	2461	0
615	2737	0
2512	2760	0
34	2675	0
2526	2351	0
377	1790	0
2519	756	0
2553	2360	0
2324	2679	0
2514	1353	0
2593	2810	0
2153	2824	0
768	2710	0
651	540	0
377	2674	0
2583	2662	0
921	1970	0
1349	885	0
502	1960	0
2521	2660	0
2159	918	0
2621	2825	0
1158	1649	0
2577	2795	0
2589	760	0
915	540	0
2602	2826	0
816	2751	0
7	1954	0
406	2798	0
1507	2732	0
167	2770	0
391	2827	0
101	1265	0
617	2731	0
2547	2644	0
2608	2667	0
2566	2736	0
561	904	0
1349	2652	0
675	1733	0
541	2684	0
2607	2673	0
2214	1649	0
2583	2776	0
1415	1975	0
502	2799	0
2528	2682	0
306	551	0
1213	1567	0
2622	2643	0
2053	2667	0
2523	2767	0
656	2665	0
2606	2648	0
2596	2694	0
2542	2797	0
745	2797	0
22	2445	0
2485	2763	0
2579	2748	0
790	2445	0
2535	2776	0
790	1265	0
2560	2692	0
2554	2663	0
1091	2698	0
306	2777	0
1185	2643	0
2547	2775	0
2159	2800	0
2568	1600	0
921	1781	0
2319	2691	0
2502	965	0
1397	2740	0
2600	2677	0
651	1519	0
962	2740	0
2479	1519	0
1627	2634	0
2485	1649	0
617	2797	0
356	2813	0
2071	2153	0
2609	2750	0
2590	2652	0
2577	273	0
2212	284	0
921	284	0
2527	2172	0
2505	2656	0
557	2643	0
332	2486	0
1213	2791	0
962	1740	0
2530	2654	0
2520	175	0
2502	12	0
2596	1567	0
2623	2745	0
2618	2655	0
598	2360	0
2541	904	0
2586	2697	0
1091	2691	0
2217	2752	0
1241	1835	0
1739	2637	0
725	2799	0
2528	2716	0
2514	2682	0
605	2792	0
1304	268	0
2543	2703	0
1756	1014	0
2618	2679	0
2572	2716	0
2586	2743	0
2026	2781	0
670	2699	0
2576	2777	0
2035	110	0
2156	2640	0
1304	2671	0
901	2732	0
962	66	0
2542	2634	0
2485	2684	0
310	2644	0
2624	2758	0
2053	2241	0
2607	2681	0
310	2705	0
615	2813	0
2622	2657	0
432	2793	0
2358	2719	0
2529	2667	0
1301	2759	0
1871	2689	0
53	1693	0
810	314	0
1816	904	0
2035	1600	0
2260	2708	0
511	390	0
2554	2662	0
332	2360	0
1875	2771	0
2592	2738	0
2212	2685	0
2340	2733	0
2574	2063	0
2612	2810	0
921	2813	0
884	2813	0
745	1607	0
2504	2787	0
1335	2688	0
2523	1140	0
2554	50	0
2591	19	0
1978	2735	0
2616	2725	0
2579	2702	0
341	2635	0
1798	2801	0
170	424	0
178	1975	0
468	2821	0
2625	2780	0
1221	779	0
178	29	0
2626	2748	0
2520	2691	0
2324	2760	0
2562	2672	0
2553	1355	0
293	2711	0
2611	1781	0
2577	2677	0
1301	1444	0
2613	756	0
1213	2783	0
2619	2803	0
1433	272	0
617	2788	0
377	2720	0
2547	2779	0
1298	2721	0
2596	2486	0
2479	2710	0
2479	471	0
290	2059	0
2536	2752	0
2504	1250	0
22	1804	0
2616	2695	0
1301	1250	0
2553	506	0
2563	2638	0
1535	2719	0
53	2659	0
849	2765	0
1751	50	0
1340	1514	0
689	2744	0
1213	2767	0
2546	540	0
616	2445	0
1739	2705	0
1379	2662	0
1238	527	0
1013	2649	0
406	2682	0
2566	2789	0
1572	2644	0
616	2705	0
2527	2815	0
167	2172	0
2604	2768	0
1507	2756	0
2553	2742	0
539	2300	0
747	506	0
2159	2708	0
1739	2754	0
563	918	0
2555	2735	0
400	2697	0
2612	2701	0
2156	2656	0
2594	1690	0
571	2778	0
336	2699	0
2593	2806	0
2516	2712	0
2594	2063	0
2340	2716	0
2585	1353	0
598	2713	0
2622	2712	0
2518	2759	0
2588	2705	0
2611	2812	0
2612	1495	0
2516	2790	0
994	2815	0
873	2726	0
1238	2721	0
2555	2746	0
2559	2798	0
776	1265	0
2111	630	0
563	2637	0
2588	2817	0
2053	2708	0
2600	1095	0
2159	273	0
2564	2637	0
38	2809	0
2599	2671	0
2595	2791	0
2576	367	0
1572	2763	0
1221	314	0
2583	2707	0
2603	2722	0
1027	2759	0
2580	2746	0
2585	2747	0
1241	2694	0
170	2660	0
2601	2702	0
2557	2698	0
1151	2755	0
370	432	0
102	2709	0
2358	2749	0
391	2828	0
563	2705	0
2540	2815	0
1296	2710	0
2610	1690	0
747	2650	0
2053	527	0
619	1233	0
2401	1690	0
2128	2822	0
1249	2635	0
2558	2241	0
1739	193	0
2434	2766	0
1816	2734	0
816	2753	0
2514	2775	0
2485	284	0
293	2721	0
2156	2811	0
2541	2774	0
2299	2650	0
55	1359	0
2627	1348	0
2590	2791	0
557	273	0
1335	2782	0
1497	1140	0
1743	2647	0
1371	1495	0
790	390	0
2534	2794	0
2621	2717	0
595	272	0
598	1636	0
2578	2351	0
2319	314	0
2578	2703	0
1826	2764	0
1743	2724	0
915	2193	0
2513	2723	0
1151	367	0
2513	2653	0
439	2709	0
1238	2811	0
1091	166	0
505	2818	0
2602	2813	0
2520	2793	0
83	2787	0
561	2339	0
2601	2764	0
1335	2711	0
1056	2744	0
1507	2699	0
2611	1649	0
1978	2696	0
2035	9	0
1871	2671	0
670	2676	0
2035	1693	0
1134	2793	0
741	2647	0
391	788	0
2588	2685	0
2569	1355	0
2212	2809	0
2518	2746	0
2598	2063	0
222	78	0
1379	1607	0
921	2730	0
1826	2782	0
2299	2649	0
605	1068	0
2502	2762	0
1342	1600	0
2608	2647	0
1497	1790	0
2624	2795	0
1013	2193	0
1056	2767	0
968	2799	0
39	1444	0
2521	958	0
589	2650	0
1182	2697	0
747	2751	0
468	19	0
2580	2717	0
790	2708	0
1528	193	0
2525	2775	0
2128	2770	0
2601	1952	0
1127	2713	0
2524	2678	0
539	2681	0
2564	2756	0
2508	2704	0
332	2691	0
2552	2780	0
341	2300	0
505	2339	0
2575	2740	0
2506	2829	0
1185	2783	0
2516	2679	0
2509	1250	0
2594	2781	0
2612	1573	0
2530	1174	0
2551	1952	0
1185	2710	0
2607	2738	0
1027	2653	0
2156	2648	0
541	2720	0
2588	2032	0
1296	2658	0
2555	2671	0
197	272	0
901	2300	0
1127	284	0
1013	1835	0
2522	2771	0
2358	2351	0
2556	1693	0
502	2241	0
745	1250	0
1134	1174	0
1819	248	0
257	1409	0
2624	2736	0
1137	2815	0
849	2752	0
2569	2784	0
2581	2796	0
2602	2653	0
2543	2799	0
1751	573	0
505	2664	0
656	2114	0
2562	2360	0
869	2829	0
290	2800	0
1270	2678	0
1782	1272	0
197	2746	0
1106	2697	0
2593	2827	0
165	2664	0
2508	2735	0
1056	2709	0
2212	748	0
1340	2692	0
741	2651	0
1221	2643	0
2340	1970	0
2502	2461	0
1756	2811	0
1238	314	0
2576	2785	0
1340	2637	0
2518	2758	0
2587	2806	0
2573	2778	0
1671	2699	0
2588	2690	0
1671	2635	0
2565	2717	0
2569	390	0
2610	2734	0
2547	2720	0
2559	2445	0
505	2675	0
2584	2762	0
2539	2647	0
2524	1835	0
2549	2666	0
356	2674	0
541	2790	0
2620	2828	0
310	2677	0
341	2774	0
1134	2654	0
901	2681	0
1722	2677	0
2516	1095	0
388	748	0
1298	2754	0
2582	2767	0
2591	2634	0
221	110	0
1127	2721	0
2620	1174	0
2555	2689	0
504	267	0
2534	2821	0
2547	1444	0
2620	2677	0
2591	2063	0
2217	2826	0
2558	272	0
901	2767	0
2053	267	0
39	2674	0
1751	2764	0
2569	2765	0
356	2731	0
55	2644	0
1875	2724	0
2156	1573	0
2622	2829	0
2590	2779	0
2576	1174	0
38	2713	0
2619	1353	0
2212	2641	0
1816	2668	0
2561	2754	0
810	2813	0
563	2646	0
774	2789	0
2544	193	0
2568	2114	0
2609	2774	0
2565	110	0
2538	2636	0
2569	2655	0
83	2723	0
2554	2686	0
2565	2808	0
39	314	0
1241	2196	0
2273	2715	0
2628	2486	0
377	2193	0
2514	2752	0
2597	2786	0
356	788	0
2558	2647	0
741	2753	0
753	2654	0
2589	2763	0
468	2684	0
2504	2661	0
2273	2740	0
968	1265	0
994	2764	0
1241	2712	0
2612	2636	0
170	2721	0
2543	506	0
2520	2635	0
651	2652	0
1221	2636	0
2585	2643	0
2618	2820	0
2621	1629	0
2522	61	0
2543	748	0
2513	2678	0
178	1625	0
2551	2751	0
2570	268	0
178	2784	0
1735	2788	0
1671	2669	0
1241	2241	0
2531	2701	0
2581	2802	0
159	2798	0
2511	2701	0
2628	756	0
2536	2715	0
2513	284	0
34	2658	0
2552	2782	0
2595	1472	0
1349	2715	0
732	2675	0
873	2713	0
336	2638	0
2585	2727	0
1137	2698	0
2529	2695	0
390	1960	0
1875	748	0
2529	2751	0
1756	2789	0
1369	2766	0
2604	2672	0
2576	2813	0
2624	2653	0
391	2773	0
2515	2794	0
561	2806	0
2518	2681	0
2212	2663	0
2510	2725	0
619	2241	0
170	2644	0
1743	1265	0
1342	2059	0
2614	2753	0
2509	527	0
2324	2791	0
2504	1140	0
1134	2702	0
2612	2758	0
2128	2809	0
725	2705	0
2602	1625	0
994	2679	0
2581	2709	0
739	2821	0
925	187	0
1127	471	0
2026	19	0
2401	2720	0
502	1804	0
406	1208	0
816	1567	0
2159	2789	0
2595	2663	0
2572	2823	0
1100	1233	0
1751	2733	0
468	2678	0
1819	2815	0
2608	2771	0
511	1952	0
332	1355	0
2562	2734	0
2624	2828	0
159	2768	0
2217	1781	0
2526	506	0
2590	1841	0
2599	2708	0
83	2032	0
432	573	0
2602	2816	0
257	2715	0
22	2734	0
2550	2636	0
2512	2645	0
1528	2766	0
1379	1140	0
197	2656	0
2485	2743	0
197	110	0
689	2784	0
2401	2719	0
2566	50	0
2590	748	0
504	2715	0
1782	779	0
2548	2650	0
776	2351	0
1249	2673	0
165	1444	0
2594	1804	0
2565	1740	0
962	2703	0
2545	918	0
336	1970	0
774	2702	0
341	1444	0
1497	2657	0
2568	2672	0
2614	2114	0
994	2770	0
1304	760	0
1497	2682	0
1875	2750	0
1711	2721	0
1371	19	0
2517	2797	0
2111	9	0
2561	779	0
2551	2782	0
2506	2650	0
617	2677	0
1151	2654	0
1875	2696	0
2342	2782	0
2611	2646	0
2553	2704	0
665	2791	0
2584	2778	0
2273	2691	0
2607	2680	0
2456	1409	0
953	2830	0
2507	1629	0
2528	2817	0
2615	2723	0
439	1952	0
2502	481	0
1528	2747	0
2589	2696	0
2622	2461	0
2111	1841	0
1100	1629	0
2540	2769	0
2531	2727	0
2597	2656	0
1340	2826	0
1916	527	0
2596	1444	0
849	2733	0
525	2738	0
159	2780	0
2604	2063	0
1733	714	0
598	2831	0
2581	2669	0
2606	2829	0
2516	2715	0
2560	2671	0
1134	1625	0
1875	918	0
406	2646	0
511	2634	0
962	2731	0
2514	904	0
2605	2689	0
167	2692	0
2506	2661	0
2596	2655	0
2128	2787	0
768	66	0
595	2693	0
1298	248	0
2551	2799	0
2598	748	0
2380	2704	0
525	2702	0
1928	2811	0
504	788	0
2553	2778	0
2260	1014	0
178	2360	0
1937	1841	0
293	2732	0
986	471	0
2527	2800	0
221	1174	0
2556	1514	0
2273	2639	0
2523	66	0
1349	2196	0
1304	2339	0
2434	267	0
1027	2636	0
2516	2795	0
2629	1497	0
541	2696	0
962	2814	0
2581	1265	0
1434	1014	0
619	2812	0
52	2691	0
165	2711	0
2514	2740	0
595	2795	0
2342	2640	0
414	1610	0
1342	2720	0
1535	2694	0
1349	1567	0
306	2701	0
52	2664	0
656	2708	0
725	2773	0
915	2780	0
1013	2718	0
986	2717	0
2217	2654	0
2516	2782	0
2555	2737	0
2518	2816	0
1739	2770	0
1371	2735	0
790	2804	0
1627	2718	0
1158	2114	0
2589	2658	0
2587	2807	0
810	574	0
1816	2736	0
2358	1355	0
656	273	0
968	1804	0
1125	2802	0
2528	2699	0
776	2722	0
2531	2697	0
2590	390	0
2589	2714	0
2550	2667	0
689	2722	0
2583	2486	0
1816	2643	0
2589	2678	0
2595	1265	0
525	2820	0
39	2783	0
2315	2644	0
2035	2756	0
2619	2807	0
1572	2740	0
290	2794	0
1453	2637	0
2604	2724	0
2616	272	0
2549	1174	0
776	2781	0
2340	2762	0
2612	2795	0
2545	2747	0
2541	1014	0
1301	1233	0
1182	1970	0
83	2820	0
2568	2351	0
2557	2351	0
341	2703	0
2592	2798	0
2512	2683	0
2324	2735	0
2518	1095	0
2504	193	0
2212	2693	0
605	2753	0
2564	2678	0
2511	760	0
53	2639	0
2535	2676	0
1335	1409	0
2524	2694	0
432	2705	0
2430	760	0
1115	2640	0
1928	1740	0
651	2739	0
2358	2831	0
2597	1636	0
873	1495	0
561	2755	0
915	2445	0
2523	918	0
2260	2339	0
1928	481	0
2630	2648	0
1826	2652	0
2434	268	0
2506	2701	0
2542	471	0
2512	2776	0
2575	1740	0
1916	2172	0
2282	2827	0
2624	885	0
1816	273	0
2531	2780	0
2512	2793	0
2607	2639	0
2583	2683	0
2628	2704	0
2111	2801	0
2625	2796	0
2510	2786	0
1528	1233	0
2538	1693	0
2536	2780	0
739	1208	0
2517	1960	0
468	2814	0
1371	2721	0
2588	2672	0
2522	748	0
432	1208	0
2543	12	0
2600	2754	0
2434	2641	0
1158	2823	0
1871	1444	0
2217	272	0
884	2708	0
1127	2741	0
2574	2723	0
1572	2724	0
616	2664	0
2594	12	0
2623	2717	0
2572	2690	0
561	2771	0
2516	2664	0
1819	314	0
1185	2686	0
2555	2779	0
2623	2806	0
986	1841	0
776	2779	0
2434	506	0
2324	1513	0
2574	2677	0
2551	1495	0
1743	2756	0
2543	2737	0
2544	965	0
739	1409	0
2517	2710	0
2581	2739	0
2608	2292	0
2607	885	0
1819	1514	0
525	1952	0
2556	66	0
505	1068	0
159	2739	0
2558	2767	0
774	2761	0
1369	2731	0
102	1573	0
2583	2785	0
1158	2732	0
2549	1740	0
341	2701	0
2508	2802	0
2530	1625	0
1875	2653	0
1671	2683	0
504	2744	0
1826	2804	0
2564	19	0
1826	2683	0
741	2806	0
557	2753	0
1549	2793	0
1349	1444	0
2582	314	0
2614	2658	0
725	958	0
2505	2793	0
615	2700	0
598	273	0
2598	2769	0
615	1740	0
1013	1567	0
2615	2300	0
2511	2172	0
2569	1573	0
1238	1975	0
2319	756	0
2582	2729	0
293	1740	0
2553	303	0
2599	2725	0
968	748	0
1301	1573	0
55	2787	0
2531	958	0
2517	2641	0
2599	788	0
2593	1649	0
2534	2731	0
525	1790	0
229	272	0
2530	175	0
400	2655	0
511	2360	0
2519	2660	0
1507	2708	0
2536	2791	0
306	9	0
774	2722	0
542	248	0
2597	2776	0
962	2756	0
619	2654	0
1798	2767	0
561	61	0
924	2751	0
873	2699	0
2542	2445	0
293	630	0
2590	193	0
22	2806	0
816	2811	0
2603	2699	0
2593	2764	0
2600	2708	0
615	2786	0
336	2831	0
2529	1519	0
2586	2794	0
2619	2655	0
2531	2671	0
2628	2759	0
2111	2651	0
2550	788	0
2580	2760	0
2580	175	0
39	2757	0
884	471	0
1027	2667	0
52	1068	0
651	2408	0
1127	1625	0
1091	2743	0
2580	2663	0
665	2700	0
1453	2733	0
921	2780	0
2567	1600	0
2539	2656	0
2053	1781	0
2595	284	0
615	2687	0
2613	2193	0
2159	2748	0
2564	2807	0
901	965	0
1671	2666	0
2544	2798	0
1151	2662	0
31	1128	0
670	2777	0
2585	2781	0
388	12	0
2260	2831	0
665	2826	0
1158	1970	0
2624	2755	0
1379	2815	0
2528	2687	0
725	2689	0
2537	2696	0
2559	314	0
53	2710	0
1379	2658	0
2621	2683	0
1397	166	0
739	2732	0
2544	2654	0
2598	2766	0
615	2666	0
2111	2765	0
2511	1174	0
2560	422	0
2534	2637	0
2547	2757	0
1916	1625	0
2620	2761	0
388	779	0
2612	2740	0
290	1649	0
2156	110	0
2600	2172	0
2506	1233	0
732	2713	0
2544	2761	0
2612	2782	0
1116	2820	0
2517	788	0
2564	1272	0
1549	2773	0
432	2758	0
2511	2642	0
2601	2672	0
1100	2445	0
2553	19	0
1937	2644	0
170	2705	0
1722	2815	0
2567	2653	0
1916	2638	0
810	2702	0
2631	50	0
1937	1629	0
774	748	0
2600	2698	0
2503	1804	0
511	2461	0
2217	2715	0
2541	1068	0
2035	2714	0
1379	2638	0
2530	1068	0
341	2634	0
2401	481	0
388	2661	0
1238	2684	0
2625	2737	0
2534	2292	0
2523	2693	0
341	2749	0
921	2720	0
2511	2784	0
293	2702	0
1627	527	0
1349	2659	0
2035	2777	0
22	314	0
595	1250	0
1301	2292	0
2521	2693	0
2588	1781	0
39	2680	0
1507	303	0
170	2196	0
1415	2728	0
747	2739	0
656	1293	0
1185	574	0
1978	2665	0
2547	2710	0
39	2670	0
2570	2686	0
1826	1790	0
293	2636	0
2562	2828	0
1928	2679	0
1158	2725	0
388	2758	0
1816	2831	0
1819	1740	0
1213	2737	0
2260	2643	0
1735	1519	0
2584	506	0
2586	2820	0
2581	2703	0
2622	2820	0
1241	885	0
962	2754	0
2622	2677	0
2582	1835	0
598	2172	0
2456	2776	0
2456	248	0
619	2769	0
2607	2679	0
2456	2741	0
2547	303	0
892	714	0
2631	2657	0
197	2812	0
2600	2719	0
656	2779	0
1151	2360	0
2569	2662	0
2530	2679	0
2598	2642	0
504	2718	0
2573	2800	0
557	2693	0
924	574	0
2628	2787	0
1298	2763	0
732	19	0
159	1495	0
2584	2701	0
849	2741	0
2520	574	0
557	2709	0
2071	1906	0
2573	2698	0
1116	2831	0
1433	2032	0
2511	2720	0
595	2700	0
1572	2718	0
2628	2339	0
2358	2827	0
1819	2799	0
2503	2685	0
290	2339	0
2546	2300	0
1270	2672	0
1349	1293	0
1735	2781	0
1134	2351	0
2549	779	0
1369	904	0
542	267	0
656	2673	0
1151	193	0
849	2657	0
525	2751	0
2557	2668	0
2530	2658	0
2508	2718	0
310	2706	0
768	2689	0
1711	2702	0
391	2779	0
388	2808	0
753	2783	0
356	2800	0
2156	2756	0
2342	1068	0
2607	19	0
1137	2351	0
2533	2684	0
869	2683	0
2503	1355	0
2623	2756	0
1116	2683	0
1826	2703	0
2552	2063	0
849	2822	0
2535	1952	0
388	2827	0
1340	2821	0
1819	2644	0
2111	2658	0
1100	573	0
52	2689	0
2508	1804	0
2519	2781	0
2553	2759	0
1106	2703	0
39	2802	0
511	2831	0
2600	1355	0
2511	2807	0
1875	2683	0
2566	1265	0
1871	2445	0
2610	574	0
336	2791	0
2502	2814	0
2593	2646	0
2523	2648	0
1100	2762	0
589	193	0
2511	1293	0
2315	1272	0
2580	2747	0
2508	2793	0
2111	2672	0
1453	1353	0
962	2716	0
2602	2828	0
2603	1573	0
753	2756	0
1928	314	0
101	2687	0
2546	2756	0
2618	2660	0
1238	2672	0
2526	2799	0
257	1835	0
656	2797	0
2518	2800	0
101	965	0
1735	2803	0
2546	2063	0
1298	551	0
2517	2649	0
356	2667	0
2604	2787	0
753	2775	0
400	2688	0
2530	2645	0
83	2193	0
571	2697	0
2128	2781	0
1915	343	0
2273	2736	0
1739	2797	0
290	2776	0
2577	2734	0
2564	2815	0
2623	2408	0
2531	424	0
2546	2714	0
2589	1513	0
753	2759	0
229	2669	0
2516	2733	0
22	2759	0
1013	2795	0
1711	2792	0
873	2710	0
2604	1495	0
747	2820	0
2600	2783	0
2524	2634	0
2601	1607	0
1249	2196	0
2546	2725	0
1342	2794	0
2260	2753	0
2585	248	0
505	248	0
2573	2762	0
2026	2786	0
774	2749	0
747	2360	0
2578	965	0
1434	2135	0
869	2794	0
1627	2793	0
2616	2678	0
2605	2809	0
2597	2752	0
101	1625	0
2315	1636	0
1369	2641	0
2523	2704	0
1549	2677	0
2543	904	0
2615	2793	0
2613	2772	0
2053	2741	0
2502	1444	0
2556	2743	0
2159	1970	0
2601	2769	0
557	2640	0
1453	2823	0
2546	2643	0
2588	2784	0
2611	1567	0
197	2831	0
2615	273	0
1528	2712	0
2537	1600	0
2507	527	0
615	2793	0
1397	2772	0
2260	2751	0
1127	1600	0
665	2780	0
1125	2114	0
2512	2752	0
2260	1625	0
2562	2642	0
768	2714	0
1549	2339	0
2217	367	0
884	2786	0
1298	2673	0
2522	2684	0
2507	2716	0
2550	2351	0
2380	2701	0
2573	2789	0
739	367	0
1433	527	0
2319	2679	0
2630	2725	0
2401	1444	0
2599	2773	0
1978	2667	0
2053	422	0
2549	2690	0
34	2664	0
439	2792	0
1572	2825	0
1711	2445	0
2534	2699	0
2358	2814	0
2510	2742	0
2518	2749	0
1369	2778	0
2610	2675	0
2299	2675	0
2579	2654	0
873	506	0
2618	2678	0
2606	788	0
1397	2657	0
2621	2810	0
2554	2689	0
377	2672	0
1125	1952	0
1013	2059	0
2512	2642	0
2625	314	0
1134	2059	0
2562	2777	0
651	1293	0
1735	2360	0
511	2761	0
229	1835	0
2610	2776	0
994	2768	0
1301	965	0
2533	1519	0
1221	2785	0
406	1693	0
605	2802	0
2533	314	0
656	2674	0
468	1625	0
2553	2690	0
2282	2821	0
1091	918	0
1301	2740	0
2111	2654	0
1013	284	0
595	2706	0
1433	2816	0
589	2774	0
1249	2790	0
2502	2813	0
2520	2689	0
2567	2729	0
2626	2677	0
2606	2656	0
2512	885	0
101	2729	0
571	2461	0
2620	1208	0
2561	2661	0
2592	2727	0
1013	2737	0
598	2651	0
2583	2802	0
388	760	0
1782	2709	0
1826	2695	0
1369	1690	0
2504	175	0
2559	2649	0
2542	2659	0
2605	9	0
53	2709	0
377	2659	0
776	9	0
2524	2680	0
1296	273	0
2558	166	0
505	268	0
1056	2771	0
2532	1265	0
1528	2732	0
2577	2808	0
502	2723	0
2566	2808	0
849	2762	0
924	2692	0
2579	1636	0
2577	2831	0
2156	2712	0
2543	574	0
2605	2667	0
619	1519	0
2156	2713	0
1151	19	0
2596	2737	0
1722	2675	0
2613	2698	0
732	1293	0
2622	2794	0
332	2300	0
2609	2360	0
2548	2643	0
1756	2768	0
1125	2193	0
391	2640	0
2609	1272	0
2592	2063	0
1528	630	0
2552	2758	0
1798	1573	0
651	2679	0
1798	2135	0
619	471	0
563	2748	0
1116	2135	0
34	2748	0
2156	2706	0
2544	1409	0
571	2805	0
915	166	0
1379	2351	0
1671	471	0
2570	2750	0
2603	2676	0
1270	2809	0
670	2721	0
165	2702	0
102	779	0
2456	2787	0
2581	2691	0
511	2722	0
2511	2732	0
924	2651	0
2156	2780	0
2505	760	0
816	2773	0
1125	2759	0
55	1607	0
2507	2650	0
2556	2742	0
356	1472	0
502	2727	0
377	2701	0
2282	2793	0
962	1095	0
541	2757	0
2573	2766	0
1572	1841	0
2340	2699	0
102	2717	0
2315	1519	0
170	2777	0
2319	2193	0
2561	2805	0
1627	1014	0
1497	2754	0
986	1513	0
2515	1355	0
2282	2673	0
167	1014	0
2528	1140	0
884	2682	0
2615	2791	0
2529	2724	0
2600	50	0
53	314	0
1221	284	0
2561	2820	0
102	1495	0
2565	284	0
22	904	0
2605	2797	0
732	1095	0
2557	2695	0
2509	2756	0
2128	1208	0
52	2708	0
2578	1600	0
1819	2661	0
1151	2773	0
1137	303	0
2579	2742	0
2516	2662	0
2537	2658	0
1213	2673	0
1100	1790	0
468	2676	0
924	2792	0
1027	367	0
1212	2832	0
2631	2660	0
2554	2826	0
605	2756	0
774	2799	0
1572	2809	0
2533	2669	0
2588	2721	0
790	2196	0
2532	1353	0
2558	2820	0
1106	1174	0
2594	2815	0
2485	273	0
1397	527	0
994	1140	0
2515	2810	0
2128	2339	0
884	2662	0
2299	2749	0
2517	1607	0
2609	1250	0
19	824	0
768	272	0
2342	1960	0
1125	66	0
356	268	0
2528	2719	0
2563	2739	0
2217	2671	0
504	2659	0
2534	2705	0
563	2666	0
2578	273	0
2514	2805	0
598	1629	0
2526	1272	0
38	2680	0
2553	193	0
1497	2739	0
2597	2707	0
1056	2694	0
1056	1272	0
2608	2685	0
1397	2720	0
1826	2653	0
1270	1293	0
921	272	0
1875	2636	0
2515	2650	0
2586	2785	0
924	2775	0
2614	2696	0
689	2728	0
2608	2778	0
197	2724	0
2606	2721	0
406	9	0
925	967	0
2558	2732	0
2554	2739	0
1871	2774	0
1610	714	0
1213	2789	0
2511	2653	0
924	1567	0
290	432	0
2340	19	0
561	551	0
2575	2736	0
2608	2723	0
2610	1970	0
2159	2803	0
2545	1359	0
1056	2647	0
2593	2762	0
2595	2741	0
2616	551	0
1301	2682	0
2607	2172	0
665	2779	0
1013	248	0
1185	2781	0
2523	2676	0
589	2676	0
2529	2649	0
2578	2645	0
1371	788	0
2434	2746	0
741	175	0
2540	2691	0
2615	303	0
2574	1355	0
2619	2662	0
1249	2445	0
83	2777	0
2342	2193	0
2616	2745	0
2526	2705	0
34	2715	0
1221	2816	0
2315	2752	0
2508	2659	0
2532	2661	0
873	2723	0
377	2728	0
2554	2681	0
2588	2793	0
52	2700	0
1056	2724	0
2621	2767	0
34	2788	0
2517	2774	0
539	2445	0
2299	1740	0
2535	2241	0
2504	1014	0
2505	2773	0
1249	2731	0
1371	2774	0
2324	2822	0
1627	2811	0
2559	12	0
1106	2809	0
257	2757	0
2601	2634	0
2608	2721	0
776	1567	0
1296	2684	0
1434	2756	0
1158	1960	0
968	2691	0
2518	527	0
689	2678	0
2518	1629	0
2526	630	0
2456	2804	0
2584	2794	0
2586	2818	0
2568	2806	0
656	2817	0
2537	1781	0
229	2724	0
2538	2818	0
1369	2679	0
118	1915	0
101	1068	0
2508	1140	0
2568	1444	0
741	2642	0
1296	303	0
1798	1975	0
2507	748	0
2128	2735	0
1301	367	0
1528	2706	0
2511	424	0
2572	2696	0
2540	2779	0
2631	1293	0
2434	12	0
178	2300	0
2159	2677	0
221	2764	0
2035	1208	0
2282	2648	0
2554	2778	0
2505	2826	0
2515	471	0
341	2714	0
1535	267	0
2625	756	0
571	2663	0
1871	2794	0
293	2796	0
1116	2721	0
2542	1513	0
2536	481	0
2550	2730	0
1871	2690	0
2609	1174	0
1238	1841	0
2544	2715	0
2507	2715	0
617	2688	0
1743	1233	0
2565	958	0
2520	2747	0
391	1636	0
1871	2813	0
2577	2667	0
2299	2635	0
2053	2640	0
2615	2804	0
2601	2686	0
816	2685	0
1158	1740	0
2512	2638	0
2358	2744	0
2559	2736	0
2612	540	0
2527	630	0
563	2408	0
1056	2758	0
2602	2806	0
257	2798	0
2273	2063	0
406	2690	0
790	2793	0
561	471	0
2603	2486	0
2613	2793	0
2559	2795	0
2485	2746	0
2534	2811	0
2542	1068	0
2523	2698	0
83	1233	0
563	2751	0
2502	2715	0
598	2751	0
745	2360	0
1298	1014	0
1134	2690	0
2342	2823	0
2212	2678	0
563	2793	0
2592	2705	0
2541	573	0
1100	2802	0
2485	2770	0
1301	2645	0
598	2791	0
1433	2752	0
986	2831	0
1339	2833	0
2546	2486	0
753	2445	0
1349	2691	0
2513	2721	0
1871	2800	0
2586	2801	0
2554	2647	0
1134	2782	0
598	779	0
1826	2063	0
1349	1014	0
2534	2241	0
2512	2648	0
2260	2722	0
2557	1629	0
1819	2634	0
2533	918	0
1916	1790	0
197	2771	0
39	2762	0
2536	2827	0
1735	2675	0
542	2742	0
725	2682	0
2159	2715	0
178	61	0
2026	2811	0
2159	1272	0
2513	2193	0
2612	2660	0
2515	2697	0
2540	268	0
2214	2292	0
2214	527	0
2542	2755	0
1342	2681	0
1711	2646	0
2260	12	0
2621	2757	0
790	2647	0
257	12	0
2579	1265	0
2358	2668	0
388	2172	0
2520	2815	0
2548	2759	0
2523	2755	0
2517	2360	0
2358	2713	0
1151	2767	0
2520	2796	0
2567	2445	0
962	2702	0
257	2795	0
2553	2718	0
1739	2445	0
2111	2684	0
1972	824	0
2614	2656	0
1453	1841	0
55	2762	0
968	2733	0
2576	2682	0
2611	2059	0
2576	2767	0
2626	1140	0
290	2662	0
541	268	0
2516	2783	0
2434	2764	0
2615	788	0
118	861	0
38	2774	0
2434	2651	0
2572	2292	0
2156	2806	0
2586	2661	0
2319	760	0
741	2798	0
1127	2172	0
2578	2769	0
670	19	0
2556	2700	0
2537	2732	0
2546	2659	0
2538	1781	0
2430	2032	0
2521	527	0
2560	2720	0
2582	2135	0
2537	2292	0
541	2658	0
2583	2720	0
2589	1272	0
725	965	0
2319	2825	0
741	390	0
2604	2720	0
2621	2744	0
1158	2705	0
741	2814	0
1928	2692	0
1928	2801	0
1137	2709	0
617	2661	0
439	2675	0
2553	2765	0
968	2724	0
2434	50	0
1549	272	0
2519	2642	0
229	1513	0
2260	2634	0
2528	2642	0
2550	2642	0
589	2789	0
2156	2730	0
598	2776	0
2543	2689	0
665	2688	0
2299	2657	0
571	2785	0
1782	2663	0
665	1952	0
2539	2671	0
557	2715	0
1453	2804	0
1433	2791	0
1013	2655	0
1137	2829	0
167	2662	0
2578	2665	0
101	2751	0
2260	2786	0
539	2643	0
753	2814	0
2587	471	0
1241	573	0
1125	2351	0
2564	2114	0
2611	314	0
2614	2759	0
1916	2814	0
2212	2646	0
2620	2691	0
1535	2639	0
2527	2639	0
1137	788	0
221	2696	0
2543	2635	0
2550	2767	0
557	2770	0
2622	2172	0
2567	2804	0
229	2814	0
617	2794	0
2612	2815	0
2531	2708	0
101	2805	0
1756	2059	0
2563	965	0
55	2641	0
774	390	0
2535	2770	0
1013	2789	0
2599	2806	0
2214	2739	0
2531	574	0
2580	2738	0
689	2702	0
1751	904	0
2613	2758	0
1535	1444	0
38	2408	0
741	885	0
293	2804	0
2507	193	0
2626	2702	0
2579	1952	0
2567	2637	0
1213	2663	0
2507	2032	0
1916	2787	0
2549	2829	0
2521	2797	0
994	2638	0
753	2664	0
2615	471	0
2521	2665	0
2541	2675	0
2512	2689	0
2601	2811	0
557	2655	0
2515	61	0
924	1140	0
2540	2803	0
968	2662	0
924	2672	0
2524	2748	0
2510	481	0
1906	2819	0
377	904	0
675	714	0
2628	2740	0
1928	2800	0
924	2675	0
1756	1513	0
2260	2810	0
525	2785	0
1340	2135	0
504	2752	0
221	1649	0
2601	2734	0
1871	2713	0
2522	527	0
1270	2674	0
1549	424	0
2521	2651	0
2522	19	0
1434	2654	0
1819	2135	0
2503	2762	0
2111	2717	0
1572	2657	0
1906	2153	0
2214	2706	0
2618	2749	0
2159	2823	0
1535	2798	0
2614	2802	0
2299	630	0
2556	2749	0
2609	2820	0
1106	2778	0
2572	2691	0
1115	61	0
598	1952	0
2522	2804	0
2534	779	0
2618	2659	0
2519	2644	0
1916	2059	0
2619	2647	0
986	2196	0
816	748	0
2573	2697	0
1915	861	0
1819	506	0
1221	303	0
1091	2684	0
2590	885	0
1507	2716	0
400	2695	0
2035	2825	0
2573	1970	0
2600	2816	0
1298	2757	0
1549	2744	0
2590	2702	0
446	432	0
505	2688	0
2565	2721	0
511	2811	0
2053	2637	0
2560	2796	0
2534	314	0
901	2770	0
1137	2674	0
1379	2735	0
670	918	0
341	29	0
1304	2636	0
2319	2757	0
2629	2617	0
2630	2638	0
1433	2657	0
391	2786	0
2572	2059	0
2584	2659	0
1151	2172	0
2600	267	0
1875	2690	0
2548	471	0
1127	2698	0
2597	1740	0
2502	2803	0
1115	2714	0
753	2645	0
739	2644	0
2573	1355	0
1238	2724	0
2594	2641	0
2565	630	0
1270	2816	0
2524	2651	0
1340	2708	0
2546	2809	0
2602	314	0
2598	19	0
790	630	0
2524	2702	0
2581	2639	0
2528	1804	0
53	2803	0
2511	1975	0
2299	2806	0
2541	2725	0
2430	2733	0
571	2826	0
197	2300	0
615	2812	0
741	2765	0
1127	2696	0
1782	2768	0
1249	2787	0
167	110	0
651	2829	0
2550	1835	0
2598	1233	0
1127	2829	0
2580	2757	0
2581	2681	0
2273	918	0
2026	2792	0
2456	2486	0
2609	1567	0
38	2702	0
1137	1355	0
617	551	0
1782	1960	0
39	2683	0
1397	2709	0
53	2726	0
2532	551	0
2587	2686	0
2324	390	0
1735	1513	0
816	2650	0
1125	2730	0
994	1444	0
34	2693	0
55	2661	0
38	2768	0
1100	2783	0
2582	2114	0
2545	2714	0
1182	2635	0
1379	2645	0
790	2693	0
102	2728	0
616	1068	0
1572	1353	0
1415	2790	0
1106	904	0
884	2809	0
1213	574	0
1819	2668	0
229	2787	0
962	2806	0
1238	1514	0
561	2408	0
2507	1193	0
2582	2679	0
2401	2339	0
1528	1841	0
2582	284	0
525	2746	0
2508	2783	0
595	2672	0
505	2738	0
1722	1014	0
2610	1355	0
2517	2751	0
2566	2717	0
2516	2686	0
53	2665	0
1497	2743	0
511	918	0
2538	1625	0
1144	1193	0
2591	2732	0
468	2639	0
605	1804	0
504	273	0
2540	50	0
1871	2648	0
1342	2710	0
2594	1208	0
2515	2687	0
2538	303	0
739	2723	0
1453	110	0
1137	2787	0
2574	1359	0
2606	2445	0
2622	2790	0
1535	2292	0
2538	2827	0
2570	2746	0
1342	2641	0
651	2193	0
2502	2677	0
1091	2773	0
356	367	0
229	2654	0
2618	1649	0
2527	2339	0
2619	1514	0
2273	2783	0
2591	1625	0
1151	1975	0
1433	2742	0
849	2805	0
2513	1607	0
2503	2694	0
986	2696	0
615	2032	0
2401	2685	0
2526	1790	0
873	2820	0
2159	2672	0
290	2809	0
2111	1265	0
159	2642	0
1213	2793	0
2512	2699	0
2510	1495	0
2549	2756	0
1213	1636	0
732	1495	0
2552	2683	0
2593	1519	0
2570	2665	0
2550	2803	0
816	2761	0
2541	2764	0
505	1573	0
915	2644	0
2595	1514	0
2547	2702	0
332	2673	0
2611	2696	0
605	2729	0
656	1174	0
1739	2408	0
670	422	0
776	1444	0
747	2679	0
2613	2723	0
1937	1272	0
921	2740	0
2530	12	0
439	2351	0
1978	2744	0
1127	2707	0
732	50	0
2552	2662	0
2631	788	0
1415	1804	0
2319	2798	0
306	2737	0
2530	2684	0
732	1573	0
1415	1740	0
2512	2193	0
439	2461	0
1185	50	0
1056	1174	0
38	1272	0
1100	2722	0
2621	2817	0
2558	2300	0
2616	1970	0
2609	2730	0
745	2807	0
810	2768	0
2627	1497	0
2587	2788	0
229	2659	0
774	2828	0
400	2785	0
2592	29	0
2608	2803	0
605	2740	0
391	527	0
1027	2722	0
1756	2681	0
1185	1970	0
2430	2059	0
377	2677	0
725	2738	0
221	2707	0
53	1472	0
2592	2671	0
670	2806	0
2604	2828	0
739	66	0
83	551	0
2544	1740	0
2509	2695	0
2456	2785	0
774	2636	0
2612	2702	0
1106	2825	0
2214	2733	0
83	2660	0
1091	2695	0
790	2737	0
2530	2791	0
2590	904	0
747	2664	0
2504	2032	0
1335	2486	0
2358	2715	0
1434	2729	0
1270	2635	0
2537	2635	0
873	2674	0
343	861	0
2380	2647	0
2574	2763	0
39	2823	0
101	1095	0
2340	2775	0
2563	1567	0
1906	2824	0
2560	2241	0
2508	1690	0
2589	2710	0
101	2673	0
1301	273	0
1013	2816	0
2596	175	0
1091	2785	0
414	1733	0
739	2800	0
2610	2687	0
2562	1174	0
1137	2760	0
1397	2684	0
2586	2688	0
2532	1293	0
1339	2834	0
884	1519	0
689	2693	0
2514	2780	0
986	958	0
2569	2766	0
2554	2746	0
2537	2063	0
2596	1649	0
1743	2339	0
739	2747	0
617	2751	0
2340	2749	0
1549	1293	0
2342	2749	0
2613	2798	0
915	2657	0
1013	1781	0
595	2685	0
739	2651	0
1782	2767	0
1270	2696	0
2618	2809	0
1349	2709	0
1158	540	0
2609	2729	0
2610	2710	0
2621	2805	0
1782	367	0
2315	2798	0
2260	573	0
2513	2772	0
1106	2670	0
849	779	0
2508	1693	0
1115	481	0
2620	2643	0
1241	2817	0
2583	2820	0
432	2725	0
2529	2644	0
2380	2775	0
1453	1409	0
2544	2704	0
2530	50	0
22	2765	0
884	9	0
2625	2643	0
2519	2666	0
1158	2193	0
2592	2784	0
2324	1629	0
1453	958	0
1221	2445	0
504	2408	0
968	2685	0
2568	193	0
2613	2724	0
2485	1208	0
1116	1804	0
356	2682	0
2576	193	0
2430	471	0
2591	2815	0
55	2808	0
2604	2797	0
229	2708	0
2128	2823	0
595	2778	0
52	965	0
1151	2727	0
2590	2760	0
83	2641	0
178	2672	0
2111	2795	0
257	2810	0
2623	2728	0
197	2767	0
2578	268	0
2502	2826	0
2156	2784	0
2591	2792	0
1134	2718	0
2324	2702	0
2537	2691	0
293	2360	0
2434	2783	0
1671	284	0
2111	2752	0
2579	268	0
332	2748	0
1671	760	0
388	2794	0
2430	2685	0
2214	2817	0
2557	2445	0
2507	9	0
2543	2820	0
310	2339	0
2591	2765	0
2623	2196	0
2324	2815	0
1528	2801	0
2583	2665	0
2612	2744	0
178	1781	0
2600	2663	0
1751	268	0
167	2827	0
2547	2646	0
1722	1472	0
2557	1495	0
2513	2708	0
2513	2636	0
968	2743	0
2128	1514	0
2595	1740	0
2587	2241	0
2587	2643	0
741	2752	0
2585	2753	0
2555	1265	0
1798	1841	0
1304	2772	0
901	1514	0
790	2719	0
2563	61	0
1212	2441	0
83	2781	0
1182	2654	0
2564	2649	0
505	1519	0
665	2643	0
388	1629	0
1151	1519	0
2580	2825	0
557	61	0
2552	574	0
2578	2656	0
2524	1690	0
2340	2642	0
2589	2781	0
2569	2740	0
2514	1804	0
1182	2655	0
2512	284	0
52	2753	0
2540	2689	0
1756	1444	0
2509	2770	0
2510	1068	0
2628	2816	0
2585	2771	0
2628	2795	0
1296	2666	0
332	2745	0
2530	2715	0
605	2669	0
1434	2806	0
229	2645	0
1711	2698	0
2531	2292	0
2588	2663	0
2603	2766	0
2573	2782	0
1978	2768	0
53	2754	0
557	2801	0
1739	2831	0
739	918	0
290	2680	0
2521	2795	0
2615	2642	0
2509	367	0
1369	1567	0
1782	2193	0
2617	1348	0
2214	110	0
2606	2803	0
790	1636	0
561	2445	0
2542	2818	0
1137	2804	0
332	1975	0
502	2724	0
2619	1250	0
2543	2241	0
1151	2656	0
2156	2805	0
2511	2787	0
2534	2652	0
55	66	0
670	2726	0
1304	2734	0
753	1629	0
1027	2831	0
2593	2715	0
2503	2649	0
2562	2768	0
2628	268	0
2572	2710	0
38	2641	0
406	2647	0
229	1519	0
665	314	0
2628	2650	0
101	29	0
2575	2708	0
2542	760	0
1182	1975	0
2564	1233	0
2573	2769	0
2597	2697	0
2610	2667	0
1137	2649	0
2592	2661	0
1819	2339	0
541	1519	0
563	1519	0
2624	2682	0
38	2059	0
2249	2627	0
915	2684	0
2586	2800	0
2479	267	0
165	2786	0
2194	1193	0
2430	2725	0
1115	2691	0
2556	2710	0
2594	1781	0
414	892	0
2526	540	0
502	2339	0
22	2461	0
541	1272	0
2527	2637	0
1756	2808	0
2590	1472	0
102	2785	0
2584	2764	0
1213	2654	0
1182	2059	0
2551	2635	0
2324	2729	0
1782	2461	0
2534	2688	0
2535	2797	0
2217	2773	0
2380	2789	0
468	2761	0
341	1355	0
2518	29	0
2260	2717	0
2576	2675	0
2561	2831	0
2557	272	0
1735	2740	0
221	272	0
391	2831	0
336	2709	0
2631	2638	0
2342	303	0
2565	2725	0
2519	2742	0
2538	2785	0
2035	2032	0
1116	1781	0
2299	2707	0
2214	2752	0
2559	2755	0
2548	1519	0
615	2644	0
2593	12	0
2625	1068	0
400	2678	0
1213	2777	0
2260	2114	0
1125	2690	0
2543	1804	0
2609	506	0
178	2706	0
2589	2704	0
605	2114	0
2558	551	0
1978	2135	0
1106	2645	0
962	2241	0
1349	2657	0
1134	2675	0
2543	2714	0
2542	2749	0
2577	2713	0
2525	1472	0
2554	2734	0
1792	142	0
2613	1636	0
1116	1359	0
1158	1095	0
2579	1355	0
1711	2704	0
525	2711	0
2616	2821	0
2606	2661	0
2526	2697	0
2618	2716	0
2545	2808	0
790	2816	0
504	2645	0
2612	2820	0
2523	2736	0
1221	506	0
968	471	0
2214	272	0
915	2637	0
2434	2634	0
2606	2769	0
1115	2737	0
2609	2674	0
2591	2300	0
55	2750	0
739	2811	0
675	1610	0
2593	2648	0
2212	2193	0
616	2665	0
1735	1068	0
1158	268	0
2604	2727	0
1115	1835	0
310	2722	0
2542	2675	0
2434	2650	0
1549	2740	0
915	2802	0
2585	2360	0
2340	1233	0
2513	2681	0
1125	918	0
1875	2809	0
2508	175	0
598	574	0
34	2774	0
306	2719	0
1535	2715	0
2572	1790	0
2401	2795	0
2534	272	0
656	2657	0
2629	1348	0
2604	2682	0
1535	2688	0
2485	1272	0
159	2812	0
2582	2763	0
2590	2658	0
1497	2814	0
2579	2707	0
2564	2827	0
332	2732	0
293	2802	0
557	267	0
1298	2726	0
1549	2800	0
1106	2059	0
768	2719	0
400	1804	0
2591	2675	0
1116	2719	0
1115	2663	0
790	2642	0
377	2710	0
2576	2735	0
2527	2703	0
2604	2793	0
2533	1693	0
557	1359	0
2565	2634	0
1241	2798	0
2530	2641	0
1127	1014	0
2541	2641	0
306	2699	0
400	2749	0
2517	2818	0
732	2798	0
541	50	0
432	2790	0
2128	2778	0
732	2757	0
2614	303	0
432	2785	0
2539	2675	0
1091	2063	0
2520	2769	0
2565	2783	0
165	2670	0
539	2657	0
2441	2832	0
1816	1600	0
2550	2744	0
2507	1607	0
2588	2734	0
34	2742	0
1875	2730	0
167	574	0
170	2801	0
2561	314	0
2525	2657	0
725	2741	0
1027	2760	0
34	175	0
197	2748	0
1304	2486	0
2611	2699	0
595	2726	0
2618	2644	0
1928	2721	0
1213	2360	0
2273	2752	0
1507	2646	0
1106	2721	0
921	248	0
55	2292	0
2587	2802	0
1116	2718	0
2509	756	0
2531	2814	0
1116	2802	0
2572	2825	0
310	1693	0
2510	2339	0
1296	2679	0
332	1359	0
2282	390	0
2342	2723	0
768	2750	0
2504	2196	0
1782	2779	0
2581	1359	0
2510	2782	0
2607	1790	0
2214	2758	0
2631	175	0
2544	2804	0
986	2360	0
2619	2780	0
689	540	0
159	2727	0
2559	1781	0
725	2727	0
2319	175	0
2589	2813	0
2342	273	0
2536	2803	0
2507	2711	0
2563	2667	0
1453	2684	0
605	2801	0
2541	2654	0
504	2652	0
656	2721	0
1238	175	0
542	2757	0
2532	2784	0
2479	2791	0
2555	2641	0
2547	2718	0
2053	2732	0
310	2739	0
2590	779	0
2585	1740	0
2515	2711	0
2589	2655	0
2528	630	0
2534	2776	0
616	2461	0
2550	2832	0
541	2767	0
1342	61	0
2579	1573	0
1301	2794	0
1371	1790	0
1751	2114	0
83	2703	0
1798	193	0
2531	2826	0
2623	1567	0
332	2638	0
2574	2697	0
869	367	0
1304	2646	0
2517	2707	0
2631	284	0
55	2690	0
774	2739	0
790	1174	0
2567	1068	0
2479	2708	0
1158	1975	0
605	2768	0
2515	2827	0
810	2730	0
310	2729	0
1453	2686	0
1549	2828	0
2520	1952	0
159	2801	0
2529	2685	0
1335	2705	0
542	2714	0
2597	2690	0
1722	2646	0
2525	2360	0
2111	2827	0
38	2828	0
2567	2660	0
1379	2672	0
2630	2685	0
2217	2689	0
768	2651	0
2555	2707	0
747	110	0
2513	1625	0
336	2705	0
1301	2681	0
617	1960	0
2485	2786	0
849	540	0
2615	2715	0
2575	2674	0
2534	1208	0
563	2647	0
2603	272	0
776	2638	0
356	2799	0
2505	779	0
1453	788	0
1241	2717	0
1826	2807	0
1433	2800	0
2249	2617	0
1270	1600	0
1572	1495	0
921	2790	0
557	193	0
2535	2744	0
2614	166	0
167	1444	0
2515	2673	0
617	2714	0
1249	2794	0
747	2822	0
2569	2794	0
2506	2724	0
2608	2659	0
2584	2817	0
2606	2783	0
2522	2635	0
605	918	0
2626	2814	0
2524	2661	0
1116	2644	0
994	2710	0
306	2647	0
656	2728	0
2587	2733	0
2531	2754	0
1928	2788	0
589	527	0
2554	2743	0
768	50	0
924	2671	0
2537	1636	0
1116	760	0
2523	2692	0
1158	2292	0
1497	2783	0
2485	2643	0
505	748	0
2611	2667	0
2551	2750	0
2572	1690	0
1116	1272	0
1182	2642	0
2550	2771	0
2555	2656	0
571	2700	0
2380	2800	0
2552	2735	0
1100	2773	0
2534	2831	0
962	2779	0
2282	2661	0
2525	471	0
2573	2063	0
2600	2241	0
2555	2783	0
525	2658	0
2539	2721	0
2620	1625	0
2510	2826	0
1335	2676	0
2401	2716	0
2620	2646	0
293	2798	0
2626	2721	0
986	2713	0
1722	267	0
2587	2655	0
776	2806	0
2597	2734	0
83	527	0
1027	2827	0
2523	2826	0
170	2637	0
1349	1250	0
2342	2032	0
747	2700	0
2621	2114	0
619	2736	0
2544	2754	0
2560	2801	0
1125	2779	0
2555	2720	0
563	958	0
2580	50	0
2565	2778	0
745	2740	0
2554	1355	0
2576	2818	0
1572	1693	0
178	2798	0
22	1233	0
52	2059	0
2545	2768	0
2531	2684	0
1137	2818	0
2556	2747	0
2550	574	0
2537	1514	0
2570	2755	0
2523	2649	0
2485	2754	0
2607	958	0
2611	2676	0
356	2707	0
336	2241	0
2546	573	0
1340	268	0
1106	2800	0
1397	2755	0
1798	2651	0
2586	2797	0
571	2673	0
2588	2648	0
2626	2647	0
2618	2700	0
1739	1781	0
2601	2806	0
1238	2782	0
1298	2638	0
2563	918	0
2551	424	0
2575	1409	0
2550	2774	0
1213	2826	0
2502	1174	0
341	2193	0
1369	2653	0
2504	367	0
1627	2666	0
2628	2705	0
504	2810	0
2576	2764	0
915	2785	0
2590	1629	0
2604	2646	0
2260	2676	0
2521	1960	0
2589	2674	0
1433	2668	0
2035	2788	0
2578	2744	0
739	2689	0
884	2638	0
2517	248	0
2615	1208	0
1342	1233	0
468	2718	0
1627	2646	0
2550	2787	0
2621	2658	0
1433	573	0
2624	2486	0
2340	2783	0
986	2063	0
1453	66	0
2212	2806	0
2630	248	0
2527	2114	0
1433	2703	0
790	573	0
2514	2784	0
2607	2696	0
2581	2408	0
2608	1293	0
2532	2722	0
2593	2748	0
1270	788	0
391	2655	0
2502	303	0
605	1444	0
739	2640	0
336	2717	0
739	2740	0
2565	2816	0
2519	2794	0
1335	2683	0
2551	2292	0
869	2714	0
2625	1208	0
257	314	0
2558	1293	0
1722	367	0
1134	2672	0
2538	2732	0
849	2823	0
1371	2670	0
2614	2737	0
689	1068	0
2512	61	0
2503	2679	0
2583	2667	0
1116	2797	0
2601	2689	0
2593	630	0
725	2640	0
2260	1573	0
1739	2777	0
2536	1835	0
2526	965	0
2603	1649	0
356	965	0
2598	2702	0
1100	2807	0
1978	2751	0
776	756	0
1182	2653	0
2508	2662	0
2543	2675	0
502	2764	0
2587	2768	0
1249	2655	0
2536	2635	0
306	2797	0
1158	551	0
2526	2695	0
511	12	0
1013	2811	0
1751	788	0
2536	2753	0
2625	506	0
776	2775	0
1627	965	0
2606	2665	0
884	2762	0
2505	1636	0
816	2763	0
2597	2795	0
2569	2826	0
2622	2686	0
2520	2795	0
774	2755	0
1027	2193	0
665	2676	0
1298	958	0
1304	1208	0
774	2663	0
2521	19	0
2358	2686	0
468	918	0
1399	1300	0
2401	19	0
2537	2756	0
1137	2644	0
2214	2711	0
2053	2135	0
1221	2749	0
52	2823	0
1751	506	0
873	2754	0
1497	2710	0
2581	506	0
2613	2752	0
388	2817	0
2576	2725	0
2558	2748	0
388	574	0
541	2673	0
2506	2711	0
102	2779	0
1185	2114	0
159	2730	0
2505	2794	0
774	2665	0
542	1740	0
2536	2793	0
1798	2813	0
2456	2774	0
1497	2696	0
915	2707	0
651	2756	0
2555	2648	0
1751	1095	0
178	2806	0
542	885	0
1782	2811	0
2342	2675	0
2606	50	0
2156	551	0
2622	268	0
2515	2782	0
2556	2775	0
2434	918	0
2514	12	0
1158	2715	0
2568	2753	0
605	1693	0
2555	2658	0
2506	1513	0
1937	2735	0
257	61	0
2315	2722	0
53	2685	0
2340	748	0
2538	2766	0
1453	1625	0
388	2697	0
1978	2756	0
2612	2785	0
873	2725	0
2568	2739	0
197	1272	0
1928	2781	0
2556	904	0
2527	1409	0
1056	1740	0
2556	2676	0
2053	2032	0
1241	2745	0
2618	2710	0
2632	696	0
1397	2702	0
994	61	0
2507	2826	0
986	2767	0
2533	481	0
2502	2757	0
377	2740	0
2625	2806	0
2585	268	0
1056	756	0
2552	2637	0
2559	2695	0
2532	574	0
2159	2641	0
1549	2441	0
810	2709	0
400	2814	0
356	2644	0
745	2787	0
2035	2735	0
2561	527	0
689	273	0
924	9	0
1507	2805	0
2630	481	0
2629	2627	0
1507	2486	0
2511	2636	0
2599	2801	0
1415	918	0
2548	2810	0
869	1835	0
2529	2828	0
2053	2646	0
1342	2702	0
2607	1519	0
2616	2778	0
745	2172	0
2026	2767	0
2560	284	0
2299	2745	0
595	2193	0
1782	2685	0
2597	1693	0
571	2687	0
739	2802	0
1816	2808	0
83	2808	0
2588	2714	0
388	2750	0
52	551	0
400	2768	0
2510	1804	0
2528	756	0
221	2059	0
1535	248	0
1127	2641	0
2585	314	0
2600	2713	0
2545	2683	0
1270	2703	0
1371	2813	0
2535	1567	0
400	471	0
2558	2717	0
1151	2752	0
293	2823	0
2521	1174	0
1978	1740	0
2552	424	0
2617	1497	0
2613	2720	0
598	2677	0
2633	1845	0
2511	2776	0
2583	272	0
2601	2292	0
2026	2705	0
2616	1353	0
39	424	0
406	2300	0
178	2711	0
2582	1649	0
1342	2712	0
502	2691	0
2588	2688	0
2526	1573	0
1928	2763	0
2273	2827	0
2515	2638	0
2342	2724	0
2505	2720	0
2538	1068	0
2530	471	0
1434	1790	0
561	2652	0
873	2695	0
2624	1293	0
439	2722	0
2620	2728	0
2611	2720	0
994	2657	0
2506	2679	0
52	1472	0
2546	2661	0
571	2720	0
670	2636	0
1213	2675	0
2479	284	0
2358	2486	0
2502	2722	0
2562	1514	0
1875	2729	0
2599	2292	0
504	2814	0
1497	2663	0
1627	2742	0
2518	2692	0
293	1068	0
2528	284	0
2566	958	0
539	2790	0
689	29	0
2539	2794	0
1782	2339	0
2542	2662	0
1434	2674	0
1739	2737	0
2610	2638	0
884	2796	0
2509	2786	0
539	2781	0
2570	2769	0
2546	29	0
2507	2728	0
1711	2743	0
2597	2778	0
774	175	0
2594	2671	0
2156	1790	0
2514	958	0
2565	2757	0
2554	2772	0
901	2727	0
2526	166	0
1671	2675	0
2543	2725	0
2519	2671	0
619	2704	0
2572	2829	0
2128	1472	0
341	2783	0
293	2662	0
2626	2656	0
2580	1573	0
2612	1250	0
336	1625	0
598	2408	0
2510	2681	0
2557	2808	0
901	1095	0
2456	1693	0
725	2750	0
1296	1355	0
310	267	0
2566	1567	0
2605	2671	0
2570	2772	0
2597	2675	0
776	551	0
2521	2691	0
525	390	0
962	1272	0
118	343	0
2612	2778	0
2540	2828	0
221	422	0
542	1952	0
589	2445	0
2214	2781	0
1722	1841	0
2602	1607	0
2594	2700	0
2537	2642	0
2536	506	0
2534	303	0
257	2680	0
2572	2698	0
2550	2688	0
1158	2644	0
892	1610	0
388	2813	0
1816	2750	0
101	2032	0
2595	2652	0
1371	2798	0
1916	2793	0
1270	390	0
2616	2721	0
1434	2779	0
2573	2723	0
2623	1095	0
2035	2737	0
768	1409	0
849	2740	0
1158	2196	0
332	2811	0
1535	760	0
2541	1835	0
2552	2717	0
2572	788	0
1739	2339	0
1116	166	0
2549	2795	0
2538	2778	0
768	2461	0
873	2711	0
2538	2461	0
2556	2696	0
1671	2677	0
502	2725	0
2570	1804	0
2565	965	0
2603	2790	0
1125	2733	0
1928	2789	0
1722	1804	0
197	1444	0
2580	2719	0
2026	2747	0
2620	2818	0
849	2750	0
2623	2729	0
2530	2360	0
2430	1444	0
2260	2729	0
2553	2644	0
2217	2678	0
2545	2789	0
2380	2715	0
1735	2658	0
2159	2300	0
1158	2790	0
2523	1790	0
439	2683	0
2506	527	0
2553	2823	0
968	1625	0
2541	1472	0
2598	2752	0
159	2728	0
1379	788	0
1212	1549	0
2053	2739	0
2358	2691	0
2598	1693	0
2502	2032	0
2282	2734	0
2565	2828	0
2554	1068	0
2544	2733	0
2551	248	0
356	2721	0
2575	2720	0
2616	2641	0
2570	2114	0
505	303	0
2575	2360	0
2524	248	0
2525	2805	0
197	2647	0
502	2635	0
1507	2360	0
2509	2823	0
504	2746	0
2525	1693	0
2552	1095	0
170	1804	0
2520	2757	0
2603	2682	0
1433	1649	0
