0	1	1
2	0	1
0	3	1
4	4	1
5	4	1
6	4	1
7	4	1
8	9	1
9	10	1
9	11	1
9	12	1
9	13	1
9	14	1
15	9	1
9	16	1
9	17	1
9	18	1
9	19	1
9	20	1
9	6	1
9	21	1
22	23	1
24	22	1
22	25	1
26	22	1
27	27	1
27	6	1
28	28	1
29	28	1
30	28	1
28	31	1
28	32	1
28	33	1
28	34	1
35	28	1
36	28	1
28	37	1
38	28	1
39	28	1
40	28	1
28	41	1
42	43	1
43	44	1
43	45	1
46	43	1
47	43	1
35	43	1
36	43	1
43	48	1
43	49	1
50	43	1
40	43	1
51	43	1
43	52	1
53	43	1
54	55	1
54	56	1
54	57	1
54	48	1
54	58	1
59	54	1
60	60	1
61	61	1
62	63	1
64	63	1
65	63	1
63	12	1
63	66	1
67	63	1
68	63	1
69	63	1
63	70	1
63	71	1
72	72	1
72	6	1
73	73	1
74	73	1
73	75	1
76	56	1
76	77	1
6	76	1
78	78	1
78	79	1
80	78	1
81	78	1
78	6	1
82	83	1
56	56	1
84	85	1
86	85	1
87	88	1
84	84	1
89	90	1
12	90	1
91	90	1
92	90	1
93	90	1
90	94	1
90	49	1
95	90	1
90	96	1
90	6	1
90	40	1
90	97	1
90	52	1
90	53	1
98	62	1
99	98	1
100	98	1
101	98	1
102	98	1
103	98	1
104	98	1
105	98	1
106	98	1
88	99	1
99	99	1
99	107	1
99	108	1
99	109	1
110	110	1
111	112	1
113	112	1
8	27	1
8	8	1
114	8	1
102	8	1
115	8	1
8	3	1
8	116	1
102	8	1
8	117	1
102	8	1
118	119	1
119	120	1
119	12	1
121	119	1
122	119	1
119	123	1
119	124	1
125	119	1
126	119	1
119	127	1
128	119	1
119	129	1
119	130	1
131	119	1
119	132	1
119	21	1
133	119	1
134	134	1
6	134	1
135	136	1
137	135	1
138	139	1
138	140	1
141	48	1
142	13	1
142	131	1
143	144	1
6	144	1
120	145	1
120	146	1
147	148	1
100	149	1
138	149	1
150	149	1
149	151	1
152	149	1
149	153	1
149	154	1
155	149	1
156	149	1
157	149	1
149	158	1
159	149	1
149	160	1
149	161	1
149	162	1
149	163	1
149	164	1
165	149	1
149	166	1
167	149	1
168	149	1
169	22	1
56	169	1
169	138	1
169	170	1
169	150	1
151	169	1
171	169	1
169	172	1
169	173	1
169	174	1
175	169	1
169	103	1
169	156	1
169	176	1
177	169	1
178	169	1
179	169	1
180	169	1
181	169	1
169	182	1
169	183	1
169	184	1
169	165	1
185	169	1
168	169	1
10	186	1
57	186	1
187	186	1
188	186	1
19	186	1
79	189	1
190	189	1
189	191	1
189	45	1
189	46	1
189	192	1
189	94	1
189	193	1
194	189	1
189	195	1
189	196	1
189	184	1
197	198	1
198	199	1
200	198	1
201	198	1
198	6	1
100	100	1
202	203	1
6	204	1
204	205	1
204	53	1
206	207	1
118	208	1
208	209	1
44	208	1
208	175	1
109	208	1
208	210	1
208	6	1
211	212	1
212	213	1
214	212	1
109	212	1
215	212	1
212	216	1
212	58	1
174	217	1
218	217	1
217	219	1
217	106	1
220	12	1
220	221	1
220	197	1
222	220	1
201	220	1
220	223	1
224	220	1
45	225	1
226	226	1
227	226	1
226	129	1
228	226	1
226	229	1
201	226	1
226	230	1
6	226	1
107	23	1
148	231	1
231	171	1
13	231	1
231	232	1
231	103	1
231	233	1
234	231	1
235	231	1
131	231	1
231	236	1
231	237	1
238	238	1
6	239	1
151	240	1
151	151	1
241	151	1
6	151	1
151	242	1
243	244	1
245	244	1
246	244	1
244	42	1
244	247	1
244	45	1
244	46	1
103	244	1
248	244	1
249	244	1
244	36	1
48	244	1
250	244	1
244	131	1
244	218	1
244	6	1
251	244	1
52	244	1
244	252	1
57	253	1
253	254	1
253	14	1
23	253	1
255	253	1
188	253	1
253	256	1
253	25	1
19	253	1
253	20	1
106	253	1
253	58	1
257	253	1
253	252	1
2	258	1
258	70	1
259	260	1
260	261	1
260	23	1
260	158	1
260	3	1
260	262	1
263	260	1
260	184	1
106	260	1
58	260	1
56	264	1
265	264	1
266	264	1
267	264	1
243	268	1
269	253	1
270	268	1
106	268	1
171	171	1
103	171	1
188	171	1
171	249	1
171	271	1
171	272	1
273	274	1
273	273	1
273	6	1
137	273	1
53	273	1
119	275	1
171	275	1
143	275	1
275	155	1
275	70	1
6	275	1
276	277	1
156	278	1
278	279	1
278	20	1
280	154	1
154	12	1
154	281	1
154	155	1
154	197	1
282	154	1
6	154	1
259	283	1
283	56	1
283	119	1
284	283	1
283	10	1
283	186	1
285	283	1
283	286	1
287	283	1
57	283	1
283	288	1
289	283	1
283	290	1
283	291	1
283	292	1
283	293	1
283	174	1
283	23	1
156	283	1
283	176	1
283	104	1
283	294	1
295	283	1
283	157	1
283	296	1
283	94	1
283	158	1
297	283	1
283	298	1
283	159	1
299	283	1
300	283	1
129	283	1
301	283	1
283	181	1
283	24	1
283	199	1
302	283	1
303	283	1
164	283	1
304	283	1
19	283	1
263	283	1
184	283	1
283	305	1
306	283	1
283	307	1
137	283	1
281	120	1
281	308	1
309	55	1
309	10	1
309	310	1
309	311	1
312	309	1
313	309	1
309	140	1
314	309	1
309	315	1
309	316	1
309	176	1
309	109	1
317	309	1
309	249	1
309	318	1
319	309	1
320	309	1
309	81	1
321	309	1
164	309	1
322	309	1
323	309	1
309	58	1
324	27	1
325	324	1
324	213	1
324	324	1
75	324	1
324	326	1
324	327	1
328	324	1
324	105	1
201	324	1
324	19	1
329	324	1
330	330	1
330	331	1
332	330	1
333	334	1
334	335	1
336	334	1
334	337	1
334	338	1
339	334	1
340	259	1
340	171	1
340	340	1
45	340	1
341	340	1
175	340	1
103	340	1
342	340	1
340	180	1
343	344	1
343	343	1
143	345	1
186	143	1
143	346	1
217	143	1
226	143	1
143	347	1
143	155	1
143	261	1
348	143	1
6	143	1
349	350	1
46	351	1
352	353	1
352	354	1
355	352	1
245	356	1
356	111	1
155	155	1
155	156	1
155	235	1
166	155	1
357	358	1
359	357	1
360	357	1
357	361	1
362	363	1
201	362	1
364	145	1
115	364	1
256	364	1
365	364	1
366	364	1
51	364	1
367	67	1
67	67	1
215	67	1
46	368	1
368	109	1
22	369	1
98	369	1
300	369	1
188	369	1
256	369	1
369	58	1
153	370	1
371	370	1
173	138	1
372	173	1
12	173	1
173	109	1
373	173	1
173	6	1
374	173	1
186	375	1
6	375	1
375	375	1
376	377	1
376	163	1
46	378	1
379	380	1
6	379	1
106	379	1
344	381	1
381	381	1
6	382	1
383	382	1
382	384	1
385	352	1
386	385	1
385	385	1
387	385	1
385	6	1
385	21	1
385	7	1
46	388	1
389	46	1
32	46	1
46	390	1
391	391	1
392	393	1
393	103	1
394	395	1
396	394	1
394	394	1
397	394	1
394	398	1
166	394	1
399	389	1
389	250	1
389	218	1
389	6	1
400	401	1
11	402	1
403	402	1
176	402	1
402	129	1
404	404	1
6	405	1
175	156	1
156	103	1
215	156	1
406	406	1
407	243	1
408	407	1
13	407	1
407	24	1
409	407	1
407	410	1
411	151	1
411	411	1
411	147	1
6	411	1
412	405	1
413	412	1
412	166	1
412	414	1
415	345	1
415	215	1
246	32	1
32	32	1
109	32	1
32	34	1
32	416	1
417	32	1
32	49	1
32	418	1
32	419	1
32	420	1
251	32	1
32	52	1
32	421	1
167	32	1
422	423	1
329	423	1
170	422	1
424	422	1
188	422	1
243	33	1
33	74	1
425	33	1
426	33	1
353	33	1
427	33	1
33	199	1
271	33	1
33	428	1
33	429	1
109	214	1
185	109	1
137	109	1
430	431	1
170	430	1
430	12	1
57	430	1
430	317	1
432	430	1
299	430	1
433	430	1
430	51	1
430	106	1
430	58	1
434	28	1
350	434	1
435	434	1
434	45	1
434	46	1
434	156	1
434	32	1
434	436	1
437	434	1
434	131	1
434	438	1
439	74	1
439	119	1
439	75	1
439	317	1
439	439	1
440	399	1
345	399	1
142	399	1
399	170	1
441	399	1
442	399	1
399	203	1
443	399	1
19	399	1
399	237	1
399	444	1
374	399	1
445	408	1
446	445	1
6	445	1
447	448	1
449	448	1
345	94	1
259	94	1
94	213	1
347	94	1
92	94	1
156	94	1
94	450	1
94	109	1
94	94	1
3	94	1
451	94	1
452	94	1
19	94	1
94	272	1
6	94	1
88	453	1
12	453	1
454	453	1
453	6	1
455	171	1
188	455	1
455	456	1
457	457	1
458	459	1
32	458	1
458	458	1
458	460	1
458	461	1
458	39	1
458	462	1
431	460	1
460	58	1
148	463	1
201	463	1
464	465	1
109	377	1
377	377	1
377	182	1
6	377	1
466	467	1
467	467	1
468	119	1
468	469	1
468	470	1
468	140	1
468	129	1
468	36	1
449	468	1
6	468	1
109	471	1
432	471	1
6	472	1
259	473	1
473	56	1
138	473	1
473	10	1
473	120	1
170	473	1
473	474	1
473	44	1
475	473	1
476	473	1
473	477	1
173	473	1
473	478	1
292	473	1
473	479	1
473	480	1
473	481	1
93	473	1
14	473	1
482	473	1
483	473	1
473	156	1
473	295	1
473	157	1
484	473	1
199	473	1
48	473	1
473	235	1
485	473	1
473	319	1
473	486	1
473	302	1
487	473	1
428	473	1
184	473	1
473	230	1
473	132	1
473	165	1
355	473	1
473	306	1
473	106	1
473	488	1
168	473	1
47	215	1
215	35	1
489	215	1
490	8	1
490	491	1
490	492	1
490	493	1
13	397	1
140	397	1
439	397	1
397	131	1
494	397	1
495	496	1
243	497	1
345	497	1
56	497	1
10	497	1
310	497	1
311	497	1
498	497	1
57	497	1
497	367	1
499	497	1
500	497	1
501	497	1
315	497	1
497	176	1
497	502	1
503	497	1
504	497	1
505	497	1
506	497	1
497	377	1
147	497	1
497	433	1
497	196	1
19	497	1
497	428	1
230	497	1
497	132	1
497	507	1
508	497	1
497	58	1
497	59	1
188	509	1
103	188	1
504	188	1
188	188	1
188	131	1
188	462	1
510	188	1
215	511	1
6	279	1
512	279	1
279	279	1
6	279	1
336	172	1
336	329	1
140	468	1
513	514	1
188	514	1
514	6	1
515	516	1
47	515	1
181	515	1
515	48	1
517	515	1
515	164	1
518	515	1
515	282	1
515	519	1
384	515	1
520	520	1
6	520	1
395	521	1
522	521	1
521	118	1
170	521	1
521	213	1
521	12	1
521	341	1
521	523	1
521	103	1
521	94	1
358	521	1
521	179	1
521	201	1
521	487	1
196	521	1
98	524	1
341	524	1
525	138	1
525	526	1
525	499	1
525	527	1
525	109	1
528	525	1
345	529	1
226	529	1
529	75	1
529	529	1
529	70	1
530	529	1
531	325	1
10	531	1
531	481	1
156	531	1
147	531	1
531	163	1
323	531	1
440	113	1
10	113	1
286	113	1
145	113	1
532	113	1
533	113	1
534	113	1
113	201	1
113	535	1
266	10	1
6	266	1
21	266	1
536	72	1
478	536	1
330	537	1
537	464	1
537	392	1
537	533	1
537	538	1
537	539	1
440	540	1
8	540	1
540	541	1
540	150	1
540	347	1
362	540	1
6	540	1
542	540	1
341	540	1
540	254	1
540	122	1
540	156	1
255	540	1
181	540	1
256	540	1
449	540	1
540	534	1
540	543	1
540	19	1
540	132	1
6	540	1
361	540	1
544	77	1
545	77	1
544	18	1
544	544	1
544	546	1
547	548	1
10	547	1
367	547	1
549	547	1
547	515	1
487	547	1
547	550	1
322	547	1
551	547	1
6	552	1
553	553	1
553	6	1
534	554	1
534	534	1
534	182	1
555	556	1
557	555	1
555	558	1
241	555	1
350	559	1
559	426	1
559	466	1
560	559	1
559	58	1
154	117	1
117	255	1
163	117	1
561	562	1
561	563	1
564	561	1
561	565	1
14	561	1
566	561	1
561	255	1
157	561	1
449	561	1
561	567	1
568	561	1
561	510	1
561	219	1
235	201	1
569	335	1
58	569	1
570	571	1
200	111	1
1	49	1
325	49	1
49	213	1
260	49	1
49	109	1
49	3	1
432	49	1
282	49	1
6	49	1
49	166	1
572	573	1
572	234	1
572	574	1
6	572	1
344	575	1
482	575	1
575	546	1
241	575	1
136	575	1
575	488	1
575	576	1
345	229	1
229	498	1
229	145	1
229	577	1
229	197	1
399	229	1
229	578	1
579	229	1
580	229	1
581	145	1
582	581	1
583	584	1
583	12	1
6	583	1
585	213	1
293	585	1
94	585	1
182	466	1
182	109	1
129	182	1
586	467	1
587	563	1
587	171	1
587	588	1
387	587	1
156	587	1
589	587	1
590	587	1
587	109	1
587	591	1
592	7	1
593	593	1
593	420	1
6	593	1
593	594	1
341	595	1
394	595	1
595	103	1
596	595	1
595	168	1
597	6	1
597	598	1
201	8	1
599	201	1
201	526	1
600	201	1
340	201	1
201	173	1
109	201	1
94	201	1
201	210	1
451	201	1
555	201	1
182	201	1
25	201	1
201	201	1
601	201	1
201	19	1
454	201	1
201	21	1
137	201	1
199	5	1
5	602	1
603	604	1
605	606	1
607	606	1
566	606	1
94	606	1
606	6	1
12	608	1
608	609	1
610	608	1
608	6	1
361	608	1
611	611	1
612	613	1
614	303	1
344	303	1
303	2	1
615	303	1
270	303	1
262	262	1
262	219	1
616	617	1
409	295	1
596	409	1
449	409	1
409	374	1
618	619	1
620	619	1
500	619	1
619	621	1
619	203	1
617	619	1
619	462	1
622	47	1
32	622	1
36	622	1
622	49	1
622	581	1
622	182	1
623	622	1
622	53	1
624	55	1
624	395	1
614	624	1
345	624	1
624	625	1
624	213	1
624	311	1
624	626	1
13	624	1
44	624	1
290	624	1
624	121	1
624	15	1
624	556	1
624	109	1
158	624	1
624	3	1
624	126	1
624	215	1
451	624	1
624	147	1
624	627	1
624	624	1
624	428	1
624	628	1
624	21	1
624	507	1
166	624	1
629	213	1
630	629	1
631	629	1
632	629	1
161	629	1
629	50	1
629	132	1
12	633	1
634	633	1
6	633	1
168	633	1
201	337	1
243	635	1
635	12	1
635	197	1
464	635	1
341	635	1
635	353	1
635	109	1
413	635	1
635	188	1
635	113	1
132	635	1
636	635	1
440	637	1
637	109	1
188	637	1
6	637	1
568	638	1
639	568	1
568	640	1
109	568	1
241	568	1
6	568	1
166	568	1
374	568	1
641	642	1
503	641	1
219	641	1
643	22	1
420	644	1
644	6	1
645	635	1
645	645	1
645	6	1
645	374	1
395	646	1
563	646	1
647	646	1
646	13	1
646	109	1
648	646	1
493	646	1
649	646	1
646	650	1
646	494	1
628	646	1
651	86	1
652	651	1
651	285	1
154	651	1
651	653	1
341	651	1
651	654	1
651	655	1
651	596	1
651	147	1
517	651	1
651	543	1
651	132	1
97	651	1
651	58	1
656	48	1
400	657	1
156	400	1
272	400	1
21	658	1
345	21	1
21	653	1
21	659	1
294	21	1
655	21	1
660	21	1
21	21	1
21	507	1
661	21	1
662	449	1
6	662	1
662	662	1
216	395	1
396	216	1
663	216	1
216	57	1
216	464	1
25	216	1
664	33	1
94	664	1
664	449	1
201	664	1
50	664	1
664	665	1
664	530	1
666	395	1
666	10	1
667	666	1
666	171	1
666	13	1
666	476	1
666	436	1
648	666	1
668	666	1
666	529	1
669	666	1
666	131	1
666	494	1
628	666	1
670	22	1
670	8	1
245	670	1
670	111	1
670	172	1
670	157	1
670	140	1
670	184	1
488	670	1
671	672	1
15	673	1
673	256	1
184	673	1
8	510	1
120	510	1
510	107	1
510	674	1
510	675	1
510	103	1
676	510	1
596	510	1
510	131	1
201	510	1
510	677	1
510	510	1
167	510	1
361	361	1
678	679	1
679	108	1
478	679	1
679	675	1
450	679	1
679	157	1
679	195	1
0	106	1
653	106	1
293	106	1
109	106	1
455	106	1
578	106	1
106	215	1
106	106	1
380	680	1
680	653	1
680	115	1
482	680	1
48	680	1
680	629	1
681	680	1
345	488	1
682	488	1
64	488	1
10	488	1
57	488	1
488	335	1
488	527	1
589	488	1
488	578	1
488	18	1
683	488	1
488	534	1
488	105	1
488	201	1
488	20	1
21	488	1
488	681	1
684	685	1
10	686	1
686	109	1
571	686	1
686	106	1
530	611	1
681	22	1
345	681	1
653	681	1
66	681	1
681	357	1
529	681	1
681	166	1
383	8	1
156	383	1
383	109	1
383	413	1
467	383	1
383	578	1
182	383	1
687	383	1
409	383	1
383	263	1
166	383	1
383	106	1
383	137	1
171	688	1
688	389	1
688	175	1
688	103	1
676	688	1
688	689	1
688	166	1
688	688	1
690	22	1
690	259	1
690	691	1
690	10	1
652	690	1
690	120	1
690	186	1
2	690	1
289	690	1
350	690	1
331	690	1
478	690	1
140	690	1
403	690	1
690	692	1
690	15	1
690	156	1
589	690	1
104	690	1
690	124	1
693	690	1
690	159	1
694	690	1
300	690	1
690	301	1
24	690	1
690	48	1
695	690	1
690	140	1
690	183	1
690	696	1
321	690	1
303	690	1
690	304	1
19	690	1
263	690	1
165	690	1
690	305	1
690	306	1
690	366	1
51	690	1
582	690	1
690	307	1
690	106	1
690	488	1
580	697	1
363	580	1
698	396	1
698	463	1
377	324	1
57	699	1
313	699	1
371	699	1
699	501	1
699	700	1
699	450	1
699	317	1
701	699	1
158	699	1
699	484	1
699	552	1
699	534	1
699	304	1
699	185	1
699	702	1
699	58	1
703	388	1
703	46	1
703	47	1
703	32	1
702	703	1
41	703	1
703	519	1
430	17	1
10	17	1
171	17	1
45	17	1
17	341	1
573	17	1
17	17	1
537	17	1
105	17	1
704	17	1
17	705	1
470	615	0
273	454	0
510	277	0
694	545	0
298	655	0
217	655	0
236	164	0
111	556	0
146	639	0
380	373	0
460	274	0
435	652	0
304	26	0
668	270	0
265	89	0
446	217	0
222	313	0
654	166	0
468	590	0
660	661	0
383	214	0
647	183	0
207	240	0
400	491	0
224	107	0
219	103	0
18	137	0
424	428	0
435	101	0
502	700	0
639	469	0
339	442	0
505	416	0
255	488	0
634	451	0
135	608	0
684	56	0
171	205	0
372	40	0
48	66	0
202	133	0
135	71	0
644	685	0
22	410	0
533	111	0
346	181	0
384	423	0
380	100	0
449	263	0
37	228	0
499	293	0
65	312	0
243	382	0
326	679	0
286	674	0
650	230	0
117	199	0
441	15	0
698	604	0
646	675	0
308	505	0
576	304	0
402	357	0
145	284	0
484	357	0
291	75	0
389	421	0
394	451	0
215	466	0
579	405	0
608	395	0
454	506	0
233	22	0
678	682	0
192	591	0
582	329	0
242	194	0
669	692	0
578	466	0
403	370	0
163	518	0
660	1	0
399	100	0
186	62	0
645	164	0
367	680	0
437	479	0
535	425	0
633	600	0
302	300	0
221	599	0
703	427	0
281	37	0
412	364	0
253	430	0
438	566	0
401	93	0
685	158	0
25	413	0
505	16	0
489	657	0
103	530	0
277	536	0
704	365	0
656	537	0
389	592	0
213	9	0
444	76	0
145	641	0
270	486	0
636	246	0
491	194	0
52	137	0
192	505	0
131	116	0
28	52	0
545	205	0
78	541	0
126	34	0
198	79	0
694	386	0
652	543	0
137	192	0
120	431	0
15	682	0
496	181	0
644	518	0
278	609	0
268	277	0
247	681	0
565	257	0
472	570	0
379	44	0
472	656	0
364	571	0
441	138	0
270	227	0
248	149	0
520	428	0
692	180	0
447	82	0
199	566	0
75	166	0
101	195	0
327	154	0
549	660	0
412	631	0
195	616	0
32	499	0
459	625	0
369	513	0
280	431	0
509	651	0
76	131	0
36	662	0
319	179	0
525	318	0
125	591	0
218	6	0
645	339	0
470	689	0
7	72	0
556	155	0
9	99	0
553	219	0
381	408	0
76	433	0
238	382	0
49	244	0
439	441	0
451	512	0
227	225	0
615	347	0
212	657	0
17	29	0
295	504	0
547	560	0
323	58	0
190	645	0
106	533	0
295	351	0
692	302	0
688	61	0
174	385	0
49	68	0
626	615	0
220	370	0
697	282	0
693	242	0
638	633	0
222	167	0
473	693	0
116	222	0
571	574	0
334	502	0
404	579	0
53	125	0
584	696	0
129	251	0
515	580	0
524	513	0
452	663	0
695	686	0
529	454	0
414	333	0
539	454	0
153	227	0
348	653	0
132	30	0
461	129	0
170	638	0
581	453	0
695	499	0
481	404	0
337	499	0
58	121	0
91	540	0
79	370	0
437	686	0
165	396	0
194	137	0
50	259	0
426	390	0
73	36	0
42	139	0
299	47	0
660	523	0
695	529	0
128	236	0
108	19	0
218	139	0
62	678	0
398	494	0
38	129	0
502	634	0
33	80	0
46	249	0
392	539	0
507	363	0
196	371	0
318	705	0
407	658	0
368	64	0
616	286	0
92	560	0
250	361	0
77	179	0
158	60	0
490	614	0
121	313	0
503	339	0
526	481	0
426	184	0
96	29	0
413	36	0
83	633	0
53	646	0
323	475	0
512	597	0
178	641	0
348	507	0
55	585	0
92	202	0
71	216	0
71	143	0
704	46	0
391	517	0
96	550	0
259	612	0
604	77	0
42	514	0
214	690	0
480	427	0
500	39	0
701	494	0
690	705	0
2	377	0
581	222	0
187	475	0
493	375	0
493	119	0
598	362	0
107	60	0
333	618	0
666	551	0
83	559	0
364	136	0
376	630	0
123	85	0
138	546	0
234	627	0
668	470	0
654	370	0
663	647	0
426	500	0
332	438	0
601	49	0
86	27	0
93	604	0
320	42	0
491	121	0
704	476	0
294	635	0
238	514	0
141	495	0
155	276	0
34	700	0
335	238	0
169	234	0
347	166	0
690	92	0
368	448	0
676	640	0
497	20	0
609	35	0
300	571	0
287	223	0
651	217	0
307	555	0
215	386	0
699	292	0
81	45	0
158	639	0
421	168	0
224	330	0
324	488	0
223	335	0
450	674	0
572	255	0
535	696	0
147	63	0
680	675	0
241	570	0
168	374	0
540	343	0
20	290	0
504	22	0
573	6	0
352	199	0
676	421	0
419	420	0
403	334	0
177	615	0
159	660	0
467	360	0
653	544	0
486	158	0
232	600	0
105	183	0
160	146	0
410	456	0
25	45	0
408	64	0
632	472	0
199	71	0
220	203	0
175	248	0
313	227	0
400	325	0
338	112	0
500	425	0
44	333	0
316	49	0
266	383	0
650	337	0
404	57	0
292	694	0
684	233	0
183	257	0
77	331	0
627	651	0
361	664	0
229	649	0
1	629	0
656	590	0
472	267	0
177	0	0
635	494	0
214	581	0
69	22	0
207	135	0
683	316	0
617	674	0
476	52	0
137	223	0
624	427	0
414	307	0
550	67	0
164	406	0
46	464	0
79	289	0
122	0	0
258	447	0
549	14	0
108	68	0
126	301	0
581	652	0
371	197	0
575	351	0
662	116	0
679	476	0
82	589	0
425	575	0
138	30	0
82	617	0
416	392	0
495	38	0
97	386	0
678	39	0
548	652	0
507	465	0
476	507	0
129	597	0
406	220	0
479	685	0
612	441	0
200	393	0
328	360	0
90	359	0
566	656	0
590	53	0
502	479	0
437	341	0
149	534	0
140	634	0
290	424	0
652	544	0
444	390	0
507	625	0
62	59	0
536	435	0
1	69	0
686	26	0
628	167	0
112	312	0
226	361	0
46	280	0
501	522	0
533	325	0
316	191	0
547	336	0
651	685	0
126	302	0
438	13	0
203	690	0
39	38	0
376	250	0
637	232	0
448	349	0
604	493	0
650	592	0
606	488	0
21	122	0
336	58	0
255	391	0
267	649	0
631	232	0
4	255	0
560	705	0
24	693	0
452	367	0
628	150	0
274	430	0
219	156	0
262	29	0
340	62	0
476	346	0
2	413	0
413	160	0
295	365	0
648	410	0
581	34	0
268	179	0
459	221	0
136	438	0
316	243	0
17	146	0
336	2	0
449	578	0
609	91	0
641	193	0
611	74	0
249	633	0
97	126	0
592	125	0
98	633	0
654	276	0
491	81	0
658	661	0
477	651	0
91	400	0
502	10	0
434	328	0
656	80	0
456	278	0
77	16	0
351	310	0
259	514	0
285	170	0
121	216	0
565	58	0
178	204	0
451	133	0
261	326	0
60	39	0
166	354	0
246	672	0
574	363	0
346	30	0
90	281	0
380	134	0
572	604	0
302	169	0
335	368	0
46	308	0
624	682	0
306	404	0
701	672	0
340	146	0
500	458	0
556	258	0
332	565	0
147	51	0
205	270	0
265	28	0
141	198	0
71	513	0
277	22	0
475	598	0
346	627	0
571	328	0
322	314	0
131	324	0
207	166	0
312	490	0
667	681	0
426	326	0
77	412	0
494	20	0
554	481	0
147	47	0
11	575	0
367	508	0
340	317	0
588	174	0
684	375	0
401	534	0
665	49	0
165	507	0
306	363	0
328	308	0
379	621	0
370	304	0
228	358	0
576	526	0
308	514	0
199	571	0
563	422	0
109	79	0
504	538	0
244	26	0
639	597	0
583	689	0
540	190	0
374	47	0
406	559	0
584	160	0
640	199	0
679	114	0
407	392	0
570	699	0
211	131	0
529	126	0
616	81	0
417	316	0
115	298	0
106	41	0
304	462	0
502	317	0
268	461	0
337	390	0
95	80	0
305	610	0
128	628	0
222	200	0
415	297	0
530	565	0
530	29	0
175	129	0
410	462	0
478	573	0
571	334	0
687	186	0
626	269	0
461	685	0
21	156	0
340	385	0
109	602	0
629	570	0
309	325	0
72	220	0
55	664	0
447	588	0
695	651	0
661	445	0
353	398	0
16	132	0
3	87	0
156	204	0
666	403	0
315	293	0
566	232	0
376	682	0
579	261	0
12	21	0
118	132	0
250	698	0
507	501	0
344	392	0
349	122	0
643	356	0
663	59	0
502	304	0
601	144	0
64	298	0
120	573	0
244	613	0
127	551	0
152	248	0
637	63	0
363	501	0
333	607	0
113	271	0
460	648	0
425	121	0
357	229	0
521	273	0
376	437	0
492	164	0
490	306	0
31	696	0
571	203	0
276	96	0
641	124	0
33	184	0
63	73	0
625	534	0
645	51	0
654	355	0
162	73	0
655	468	0
546	15	0
467	158	0
198	592	0
702	500	0
285	647	0
315	420	0
613	117	0
645	405	0
319	137	0
6	178	0
311	408	0
9	515	0
80	126	0
631	466	0
674	467	0
389	15	0
256	414	0
315	319	0
657	574	0
423	486	0
136	339	0
184	34	0
290	219	0
184	346	0
144	537	0
60	608	0
261	262	0
447	54	0
677	116	0
365	699	0
174	567	0
645	229	0
424	242	0
532	558	0
230	559	0
113	74	0
602	315	0
184	208	0
475	261	0
321	475	0
45	142	0
481	177	0
241	487	0
488	175	0
375	268	0
345	390	0
165	243	0
12	175	0
231	280	0
389	14	0
561	295	0
450	457	0
331	408	0
366	285	0
346	428	0
37	403	0
629	608	0
435	374	0
218	141	0
492	510	0
470	695	0
456	4	0
666	626	0
139	659	0
308	453	0
435	86	0
485	557	0
442	234	0
415	467	0
203	101	0
23	699	0
169	403	0
94	418	0
569	163	0
686	29	0
263	239	0
613	19	0
289	642	0
237	634	0
488	671	0
516	104	0
128	235	0
641	33	0
273	577	0
683	540	0
249	61	0
528	483	0
471	141	0
254	385	0
494	502	0
152	309	0
261	48	0
343	241	0
488	556	0
130	392	0
369	406	0
281	269	0
534	430	0
332	472	0
418	561	0
345	273	0
628	510	0
346	673	0
679	704	0
671	16	0
547	476	0
216	633	0
424	458	0
528	703	0
307	200	0
340	240	0
567	21	0
41	670	0
529	301	0
429	289	0
445	636	0
177	579	0
71	34	0
545	241	0
178	466	0
168	144	0
705	157	0
241	705	0
539	124	0
51	367	0
556	551	0
633	44	0
385	285	0
151	73	0
413	123	0
48	568	0
219	406	0
513	606	0
458	475	0
347	470	0
201	44	0
690	250	0
488	341	0
463	616	0
29	41	0
128	266	0
371	259	0
7	300	0
116	360	0
685	331	0
636	431	0
684	158	0
472	549	0
687	80	0
134	448	0
109	0	0
119	170	0
194	3	0
567	478	0
362	83	0
86	702	0
535	321	0
289	126	0
172	356	0
663	225	0
695	573	0
3	423	0
212	619	0
494	32	0
461	427	0
478	318	0
653	461	0
430	469	0
76	107	0
27	261	0
435	630	0
19	365	0
54	527	0
586	293	0
214	623	0
151	418	0
381	162	0
498	470	0
355	198	0
353	607	0
684	302	0
188	578	0
561	143	0
502	496	0
490	182	0
672	302	0
655	351	0
162	390	0
572	251	0
73	498	0
469	591	0
474	125	0
674	58	0
518	427	0
212	273	0
160	465	0
416	477	0
171	54	0
677	675	0
83	25	0
287	207	0
397	19	0
345	597	0
639	442	0
83	105	0
124	243	0
447	230	0
491	300	0
538	56	0
132	223	0
598	221	0
66	258	0
523	361	0
257	52	0
359	537	0
627	592	0
124	403	0
375	403	0
48	584	0
460	156	0
698	80	0
143	339	0
304	619	0
303	41	0
372	697	0
151	14	0
639	321	0
650	259	0
189	530	0
289	329	0
134	480	0
314	701	0
48	207	0
628	226	0
29	653	0
455	297	0
495	34	0
278	510	0
545	119	0
577	123	0
561	427	0
310	602	0
640	572	0
254	503	0
10	669	0
610	134	0
117	604	0
263	705	0
642	533	0
672	460	0
52	63	0
582	523	0
620	440	0
566	116	0
495	149	0
68	534	0
275	151	0
243	258	0
38	15	0
159	473	0
266	158	0
304	668	0
569	159	0
318	628	0
158	244	0
235	471	0
699	546	0
267	111	0
564	487	0
75	511	0
527	456	0
341	665	0
546	2	0
138	70	0
510	496	0
548	309	0
541	470	0
705	268	0
263	41	0
116	220	0
109	537	0
226	156	0
322	571	0
211	90	0
275	120	0
250	501	0
477	461	0
249	497	0
213	558	0
82	416	0
34	613	0
419	432	0
278	256	0
506	402	0
471	205	0
700	407	0
593	542	0
19	255	0
448	476	0
464	468	0
71	227	0
246	630	0
28	213	0
450	178	0
512	552	0
656	468	0
92	61	0
414	295	0
559	61	0
433	228	0
378	277	0
518	613	0
205	197	0
381	199	0
31	445	0
693	482	0
404	316	0
211	561	0
499	431	0
363	280	0
192	430	0
490	267	0
440	36	0
679	632	0
163	498	0
390	692	0
398	161	0
702	58	0
452	0	0
458	22	0
62	215	0
631	360	0
596	43	0
437	342	0
27	43	0
25	521	0
351	586	0
611	309	0
491	173	0
109	447	0
613	204	0
622	197	0
500	40	0
320	646	0
223	450	0
470	204	0
175	691	0
280	318	0
184	167	0
161	262	0
178	498	0
472	14	0
604	278	0
57	208	0
62	341	0
427	521	0
368	617	0
37	135	0
355	316	0
519	583	0
464	399	0
541	202	0
292	516	0
143	31	0
513	334	0
688	406	0
673	278	0
391	422	0
131	340	0
0	665	0
252	404	0
133	649	0
363	143	0
657	397	0
307	116	0
468	628	0
160	42	0
464	613	0
529	563	0
267	130	0
341	298	0
251	653	0
223	495	0
545	3	0
224	225	0
155	284	0
81	685	0
705	543	0
401	702	0
151	496	0
238	211	0
381	342	0
565	140	0
530	600	0
157	664	0
104	3	0
210	39	0
182	538	0
28	613	0
45	700	0
410	100	0
5	467	0
645	607	0
61	679	0
36	243	0
661	450	0
210	452	0
97	640	0
2	652	0
225	422	0
675	152	0
100	453	0
174	159	0
588	488	0
421	479	0
222	176	0
195	549	0
6	205	0
407	540	0
355	620	0
41	632	0
611	79	0
133	296	0
194	198	0
518	462	0
431	113	0
302	553	0
336	102	0
55	219	0
561	216	0
541	531	0
647	607	0
687	202	0
632	576	0
190	111	0
287	117	0
578	290	0
227	660	0
470	73	0
372	99	0
273	528	0
628	319	0
696	409	0
91	608	0
72	595	0
504	387	0
217	625	0
493	548	0
422	193	0
291	346	0
97	381	0
641	680	0
175	631	0
374	666	0
577	569	0
120	103	0
91	586	0
310	220	0
27	64	0
397	585	0
521	591	0
286	103	0
59	477	0
504	656	0
38	612	0
651	369	0
634	224	0
473	465	0
110	250	0
541	42	0
166	633	0
512	3	0
462	101	0
478	151	0
196	527	0
679	537	0
186	49	0
316	270	0
674	401	0
615	598	0
5	281	0
377	78	0
681	106	0
501	280	0
168	247	0
15	39	0
521	505	0
96	259	0
298	186	0
459	531	0
112	497	0
518	583	0
542	8	0
49	476	0
173	69	0
264	346	0
674	431	0
171	334	0
170	189	0
270	5	0
18	270	0
655	151	0
684	293	0
237	33	0
628	687	0
462	611	0
573	406	0
673	266	0
215	685	0
171	322	0
66	680	0
379	399	0
202	242	0
350	600	0
657	121	0
633	61	0
198	32	0
600	205	0
107	471	0
454	72	0
698	295	0
700	303	0
583	334	0
27	700	0
558	315	0
182	645	0
325	458	0
701	673	0
316	428	0
28	514	0
431	185	0
614	637	0
110	149	0
36	563	0
93	151	0
96	98	0
582	449	0
611	667	0
408	595	0
587	36	0
624	246	0
118	68	0
228	639	0
590	316	0
147	200	0
613	298	0
14	547	0
640	516	0
579	327	0
85	432	0
481	11	0
169	52	0
91	283	0
186	140	0
45	650	0
639	62	0
631	691	0
304	610	0
153	261	0
251	383	0
330	451	0
219	165	0
267	201	0
487	203	0
37	530	0
225	119	0
418	441	0
285	369	0
432	311	0
11	504	0
531	230	0
410	271	0
271	525	0
467	162	0
423	481	0
295	369	0
452	586	0
52	510	0
515	188	0
388	286	0
513	449	0
409	585	0
604	287	0
387	583	0
116	615	0
43	380	0
554	633	0
418	645	0
581	398	0
370	528	0
194	469	0
493	270	0
86	322	0
22	657	0
61	435	0
146	234	0
322	46	0
111	506	0
183	456	0
447	228	0
622	174	0
440	72	0
439	175	0
74	319	0
270	562	0
580	264	0
579	690	0
340	5	0
546	697	0
103	633	0
437	465	0
82	113	0
673	408	0
691	215	0
16	495	0
494	179	0
305	392	0
521	669	0
147	303	0
249	453	0
506	210	0
447	317	0
501	61	0
265	244	0
442	410	0
201	117	0
344	235	0
123	78	0
363	680	0
341	273	0
85	553	0
696	212	0
399	411	0
241	370	0
694	234	0
402	155	0
344	157	0
218	318	0
44	114	0
151	41	0
538	223	0
59	600	0
343	39	0
39	461	0
332	562	0
351	664	0
548	273	0
151	466	0
543	165	0
106	705	0
495	398	0
510	288	0
615	401	0
344	253	0
126	69	0
285	261	0
221	557	0
142	320	0
241	387	0
152	181	0
322	30	0
227	89	0
215	533	0
67	412	0
163	374	0
702	309	0
223	158	0
456	106	0
381	165	0
280	358	0
219	683	0
463	534	0
434	50	0
540	401	0
559	431	0
467	321	0
465	102	0
30	1	0
432	86	0
208	31	0
456	17	0
97	36	0
26	316	0
559	262	0
647	182	0
10	616	0
176	527	0
324	78	0
38	285	0
72	168	0
69	314	0
129	195	0
47	208	0
192	129	0
438	93	0
52	610	0
337	153	0
611	15	0
270	393	0
45	204	0
526	136	0
516	154	0
581	415	0
502	330	0
374	436	0
318	25	0
383	226	0
121	593	0
22	477	0
123	264	0
322	629	0
493	367	0
4	426	0
311	576	0
654	21	0
623	3	0
130	81	0
320	656	0
503	703	0
613	103	0
64	375	0
71	463	0
72	318	0
346	252	0
497	341	0
241	310	0
372	257	0
659	14	0
185	524	0
132	114	0
661	214	0
597	226	0
52	292	0
452	183	0
560	326	0
135	577	0
325	490	0
287	267	0
518	406	0
191	49	0
463	239	0
452	229	0
177	176	0
379	61	0
86	422	0
74	118	0
17	398	0
672	254	0
528	248	0
107	140	0
554	2	0
220	5	0
539	62	0
625	371	0
555	121	0
342	177	0
639	468	0
704	559	0
456	612	0
440	69	0
471	584	0
624	633	0
330	180	0
7	700	0
495	338	0
480	477	0
177	126	0
168	621	0
431	419	0
140	20	0
642	593	0
242	495	0
348	47	0
402	128	0
409	643	0
275	568	0
693	548	0
475	595	0
414	4	0
369	251	0
410	388	0
1	166	0
2	693	0
90	79	0
406	628	0
679	150	0
685	493	0
178	16	0
80	525	0
396	423	0
668	392	0
688	293	0
200	5	0
244	149	0
90	112	0
292	57	0
362	273	0
537	482	0
174	182	0
460	199	0
384	45	0
424	638	0
701	625	0
187	683	0
223	266	0
476	587	0
360	389	0
104	143	0
397	619	0
663	306	0
683	530	0
89	548	0
353	572	0
267	45	0
8	375	0
436	566	0
628	536	0
42	59	0
290	288	0
255	412	0
570	54	0
501	193	0
252	430	0
365	265	0
319	688	0
489	393	0
544	201	0
69	586	0
342	266	0
33	666	0
666	197	0
318	592	0
71	232	0
433	539	0
9	274	0
491	612	0
583	697	0
520	273	0
116	320	0
536	697	0
289	696	0
630	357	0
309	214	0
406	699	0
490	684	0
466	593	0
103	550	0
251	240	0
116	362	0
539	101	0
159	64	0
612	310	0
305	682	0
557	182	0
415	52	0
570	645	0
59	272	0
694	273	0
499	83	0
420	679	0
313	551	0
688	326	0
474	604	0
128	691	0
174	209	0
110	503	0
351	332	0
120	375	0
507	550	0
609	629	0
654	310	0
144	44	0
243	21	0
401	506	0
385	482	0
515	435	0
184	552	0
685	261	0
214	479	0
438	74	0
106	85	0
500	520	0
38	176	0
567	255	0
25	323	0
396	93	0
628	616	0
236	101	0
611	370	0
585	169	0
473	621	0
229	118	0
258	219	0
75	478	0
31	481	0
395	130	0
384	507	0
87	254	0
400	561	0
427	510	0
385	585	0
143	323	0
600	573	0
356	325	0
549	125	0
612	301	0
138	299	0
61	4	0
639	344	0
695	270	0
588	582	0
327	226	0
277	85	0
554	251	0
149	508	0
494	641	0
481	119	0
625	687	0
91	185	0
367	52	0
15	366	0
196	568	0
161	103	0
276	134	0
571	42	0
494	555	0
41	265	0
518	511	0
138	579	0
276	571	0
54	521	0
560	144	0
250	346	0
535	230	0
148	471	0
41	193	0
586	211	0
415	317	0
407	325	0
155	222	0
113	445	0
187	352	0
127	339	0
705	29	0
50	250	0
382	610	0
631	402	0
41	96	0
144	659	0
284	353	0
40	457	0
394	151	0
306	160	0
245	130	0
107	55	0
305	217	0
350	14	0
491	387	0
18	626	0
304	239	0
552	391	0
571	402	0
340	21	0
78	65	0
385	562	0
381	290	0
161	363	0
429	64	0
376	370	0
145	564	0
153	452	0
611	65	0
476	25	0
649	96	0
490	634	0
1	42	0
49	273	0
524	250	0
255	611	0
238	120	0
18	98	0
547	281	0
410	703	0
295	92	0
541	653	0
422	317	0
504	64	0
525	346	0
644	210	0
54	165	0
159	648	0
216	281	0
299	331	0
178	344	0
100	615	0
485	5	0
298	148	0
448	361	0
328	633	0
390	397	0
9	556	0
700	265	0
356	316	0
51	277	0
488	669	0
210	442	0
248	553	0
390	105	0
369	322	0
492	602	0
170	669	0
414	676	0
190	195	0
495	119	0
329	16	0
593	519	0
311	114	0
684	231	0
114	378	0
314	697	0
185	678	0
229	262	0
206	516	0
526	35	0
650	34	0
684	442	0
147	145	0
663	679	0
429	228	0
182	487	0
162	199	0
353	686	0
607	644	0
633	39	0
127	332	0
117	333	0
30	590	0
565	559	0
337	649	0
211	195	0
7	74	0
503	146	0
174	331	0
12	701	0
253	524	0
518	608	0
334	372	0
586	697	0
214	603	0
544	493	0
221	151	0
114	489	0
384	175	0
704	338	0
218	628	0
622	196	0
113	702	0
600	456	0
114	681	0
360	243	0
289	185	0
84	411	0
614	343	0
6	361	0
407	377	0
539	281	0
198	395	0
258	60	0
384	70	0
453	178	0
93	97	0
662	303	0
114	35	0
671	508	0
147	562	0
223	149	0
332	46	0
320	105	0
539	10	0
165	424	0
581	642	0
310	124	0
229	251	0
85	617	0
233	655	0
643	128	0
198	573	0
421	476	0
502	524	0
491	551	0
475	116	0
364	192	0
149	257	0
688	117	0
659	452	0
313	159	0
73	403	0
54	519	0
637	192	0
378	189	0
349	65	0
1	459	0
692	101	0
504	90	0
344	354	0
361	188	0
187	132	0
485	627	0
137	530	0
84	438	0
328	302	0
93	588	0
248	475	0
489	688	0
478	566	0
570	220	0
532	47	0
17	483	0
520	418	0
220	312	0
543	81	0
28	299	0
378	216	0
624	480	0
201	274	0
408	72	0
211	3	0
227	490	0
491	332	0
331	606	0
338	294	0
141	115	0
112	688	0
356	385	0
608	444	0
628	698	0
688	505	0
368	399	0
516	606	0
3	461	0
108	383	0
499	395	0
444	230	0
276	175	0
229	679	0
695	252	0
256	456	0
621	472	0
81	151	0
616	298	0
390	98	0
372	693	0
171	679	0
81	166	0
385	432	0
224	188	0
331	647	0
109	577	0
683	617	0
515	70	0
183	79	0
492	78	0
478	369	0
560	416	0
30	689	0
619	379	0
252	317	0
312	104	0
476	642	0
2	62	0
398	84	0
91	222	0
312	443	0
495	557	0
551	467	0
425	559	0
630	637	0
650	307	0
166	84	0
625	494	0
69	519	0
338	622	0
126	264	0
533	98	0
29	108	0
407	557	0
158	360	0
337	490	0
588	434	0
191	15	0
121	649	0
583	587	0
171	53	0
182	98	0
21	240	0
346	602	0
226	336	0
62	588	0
366	73	0
488	75	0
19	59	0
306	403	0
684	212	0
602	209	0
416	37	0
193	274	0
685	460	0
1	273	0
536	27	0
137	502	0
102	609	0
75	425	0
474	35	0
351	249	0
517	174	0
653	374	0
503	314	0
28	102	0
165	642	0
259	413	0
633	24	0
535	300	0
558	381	0
663	341	0
592	215	0
358	327	0
318	310	0
426	139	0
275	474	0
306	123	0
417	351	0
302	521	0
553	391	0
542	306	0
321	75	0
672	123	0
398	156	0
420	178	0
629	397	0
325	245	0
318	177	0
644	584	0
44	151	0
599	313	0
213	16	0
257	590	0
337	488	0
599	541	0
296	480	0
181	262	0
202	148	0
253	506	0
342	56	0
505	193	0
257	453	0
183	171	0
418	313	0
283	689	0
374	74	0
238	74	0
35	647	0
205	504	0
115	354	0
597	644	0
705	458	0
654	397	0
436	632	0
74	170	0
282	270	0
181	362	0
674	383	0
160	614	0
605	461	0
619	487	0
549	341	0
577	8	0
626	466	0
616	687	0
649	47	0
461	70	0
178	192	0
395	168	0
378	127	0
235	653	0
146	13	0
658	372	0
139	486	0
209	549	0
476	85	0
681	364	0
15	472	0
139	140	0
247	667	0
430	698	0
600	332	0
137	644	0
32	268	0
555	114	0
272	373	0
9	561	0
703	303	0
26	265	0
15	172	0
609	373	0
104	388	0
217	336	0
46	686	0
603	167	0
398	136	0
84	367	0
480	506	0
120	126	0
37	688	0
454	197	0
362	501	0
414	613	0
235	336	0
673	11	0
658	354	0
280	150	0
548	181	0
168	505	0
104	432	0
420	550	0
403	343	0
580	37	0
250	112	0
465	641	0
414	63	0
529	455	0
14	338	0
506	639	0
383	528	0
529	271	0
482	543	0
256	638	0
598	313	0
298	443	0
395	179	0
94	642	0
137	268	0
84	237	0
639	56	0
368	138	0
239	76	0
11	669	0
627	175	0
354	413	0
442	531	0
292	564	0
609	654	0
336	602	0
530	82	0
673	415	0
583	267	0
340	697	0
98	312	0
299	627	0
590	588	0
180	553	0
71	353	0
573	54	0
684	389	0
626	336	0
361	427	0
155	386	0
226	668	0
471	220	0
359	576	0
436	507	0
322	538	0
434	169	0
23	399	0
249	653	0
12	117	0
180	9	0
86	151	0
557	95	0
425	9	0
280	330	0
426	372	0
599	380	0
238	463	0
520	419	0
632	365	0
475	496	0
642	614	0
345	246	0
333	241	0
589	107	0
426	103	0
574	704	0
352	117	0
268	240	0
308	211	0
272	147	0
557	56	0
151	71	0
671	212	0
429	464	0
273	665	0
524	165	0
209	341	0
375	435	0
358	158	0
396	651	0
615	599	0
22	76	0
592	219	0
344	579	0
155	132	0
483	476	0
374	237	0
389	341	0
220	351	0
144	689	0
574	12	0
51	13	0
56	269	0
220	534	0
62	487	0
481	126	0
555	327	0
275	689	0
302	418	0
501	456	0
453	504	0
620	109	0
50	362	0
669	532	0
400	14	0
161	552	0
338	315	0
364	666	0
615	678	0
289	214	0
561	169	0
150	47	0
282	342	0
570	122	0
358	592	0
665	513	0
3	667	0
493	184	0
166	437	0
378	625	0
486	609	0
519	215	0
575	235	0
40	423	0
380	546	0
166	367	0
578	413	0
49	252	0
419	152	0
446	518	0
49	428	0
688	451	0
283	114	0
168	676	0
73	254	0
319	256	0
636	629	0
265	520	0
9	218	0
290	218	0
571	361	0
490	676	0
585	541	0
168	702	0
513	142	0
203	211	0
680	515	0
332	280	0
464	641	0
611	431	0
291	637	0
67	190	0
109	343	0
113	290	0
612	41	0
30	190	0
499	111	0
453	575	0
163	8	0
507	10	0
317	406	0
367	475	0
702	370	0
603	622	0
56	551	0
405	394	0
309	447	0
230	208	0
341	315	0
99	261	0
156	395	0
109	9	0
220	1	0
394	46	0
581	378	0
409	527	0
39	358	0
632	429	0
186	463	0
546	507	0
488	290	0
192	440	0
289	353	0
597	609	0
121	606	0
351	304	0
674	694	0
299	245	0
157	268	0
470	66	0
571	253	0
302	72	0
248	427	0
425	515	0
17	94	0
185	221	0
634	70	0
539	231	0
447	365	0
277	93	0
139	430	0
635	74	0
157	581	0
537	344	0
504	324	0
364	432	0
452	305	0
610	460	0
199	368	0
664	431	0
589	588	0
639	73	0
473	18	0
669	589	0
432	371	0
129	174	0
695	593	0
85	1	0
128	401	0
157	406	0
18	335	0
335	353	0
575	189	0
76	320	0
438	275	0
328	581	0
382	613	0
562	18	0
76	95	0
679	385	0
222	396	0
535	306	0
643	673	0
236	132	0
45	262	0
561	504	0
560	469	0
43	657	0
388	350	0
628	435	0
31	382	0
191	131	0
218	646	0
255	405	0
203	694	0
586	605	0
105	190	0
638	38	0
691	213	0
420	463	0
11	593	0
470	363	0
197	573	0
42	536	0
546	495	0
433	238	0
333	312	0
48	405	0
280	474	0
363	412	0
250	168	0
1	251	0
450	434	0
314	702	0
239	215	0
582	399	0
224	257	0
526	311	0
409	427	0
172	151	0
273	230	0
585	255	0
520	627	0
426	29	0
705	459	0
679	612	0
268	453	0
288	607	0
305	43	0
425	214	0
130	264	0
195	509	0
237	139	0
396	83	0
579	542	0
149	132	0
694	599	0
645	154	0
518	499	0
182	103	0
112	527	0
190	603	0
658	579	0
561	4	0
461	285	0
152	73	0
651	691	0
202	636	0
583	355	0
133	580	0
105	598	0
308	481	0
538	651	0
505	120	0
202	704	0
686	358	0
509	363	0
376	153	0
246	651	0
291	198	0
210	232	0
629	155	0
204	109	0
373	35	0
381	639	0
416	623	0
332	518	0
554	173	0
127	460	0
9	170	0
255	271	0
98	555	0
331	231	0
448	669	0
393	551	0
271	236	0
449	215	0
563	538	0
614	443	0
105	307	0
344	622	0
15	133	0
80	676	0
633	671	0
434	449	0
318	145	0
65	34	0
57	328	0
130	473	0
9	116	0
619	91	0
228	266	0
675	40	0
21	420	0
34	417	0
437	371	0
270	82	0
349	40	0
419	548	0
0	262	0
58	94	0
147	667	0
468	281	0
651	420	0
67	30	0
522	596	0
613	465	0
242	126	0
321	31	0
76	655	0
389	487	0
675	36	0
76	691	0
595	305	0
232	375	0
634	370	0
643	675	0
316	418	0
61	619	0
390	316	0
411	75	0
512	671	0
49	381	0
671	322	0
216	141	0
587	545	0
58	698	0
447	179	0
53	161	0
66	433	0
463	206	0
466	127	0
202	436	0
216	344	0
543	437	0
403	681	0
690	343	0
344	569	0
583	622	0
689	269	0
72	17	0
636	482	0
128	686	0
544	95	0
462	506	0
577	349	0
703	496	0
56	287	0
436	2	0
106	125	0
607	199	0
171	298	0
340	656	0
319	239	0
326	649	0
15	167	0
417	561	0
169	565	0
594	681	0
478	541	0
377	197	0
133	410	0
635	315	0
641	387	0
664	516	0
280	449	0
598	413	0
227	432	0
214	587	0
459	651	0
550	138	0
572	694	0
212	77	0
335	73	0
697	188	0
529	124	0
410	7	0
319	240	0
447	559	0
371	275	0
339	228	0
374	551	0
417	638	0
76	668	0
499	372	0
438	67	0
605	588	0
166	319	0
188	546	0
297	100	0
562	422	0
699	183	0
694	195	0
381	299	0
402	490	0
78	137	0
363	35	0
162	397	0
269	307	0
192	199	0
594	122	0
135	19	0
95	212	0
654	512	0
363	468	0
92	594	0
551	697	0
677	25	0
126	584	0
585	260	0
309	345	0
318	640	0
178	435	0
387	689	0
619	538	0
546	82	0
516	558	0
659	526	0
210	140	0
643	669	0
96	53	0
131	516	0
19	374	0
197	199	0
109	93	0
403	76	0
682	538	0
257	12	0
200	0	0
299	414	0
183	275	0
222	85	0
331	472	0
384	272	0
659	131	0
616	651	0
207	22	0
200	210	0
191	440	0
643	458	0
621	430	0
48	90	0
582	179	0
188	234	0
696	190	0
20	624	0
515	484	0
337	459	0
640	468	0
534	630	0
36	173	0
272	165	0
528	679	0
448	84	0
305	253	0
183	490	0
290	645	0
294	304	0
583	632	0
491	102	0
360	297	0
233	682	0
695	451	0
332	627	0
295	377	0
26	211	0
502	138	0
391	398	0
193	74	0
213	413	0
242	674	0
483	620	0
646	319	0
698	68	0
508	362	0
687	605	0
684	286	0
685	619	0
216	366	0
120	460	0
9	647	0
364	671	0
554	576	0
161	515	0
469	220	0
45	247	0
501	398	0
335	43	0
209	177	0
424	322	0
359	601	0
558	339	0
656	499	0
529	312	0
70	146	0
635	552	0
339	532	0
582	326	0
251	283	0
12	605	0
298	357	0
186	106	0
501	594	0
383	405	0
643	413	0
610	280	0
363	480	0
215	359	0
264	620	0
135	400	0
621	187	0
180	69	0
361	480	0
226	622	0
614	120	0
175	137	0
347	463	0
198	418	0
231	257	0
149	307	0
596	212	0
396	80	0
28	499	0
404	6	0
484	635	0
543	283	0
205	51	0
696	458	0
462	488	0
349	111	0
685	197	0
432	77	0
377	166	0
558	540	0
436	179	0
659	637	0
544	703	0
129	73	0
479	11	0
681	178	0
397	246	0
494	153	0
267	255	0
177	544	0
276	64	0
689	155	0
210	335	0
497	241	0
459	485	0
151	299	0
324	14	0
116	182	0
383	79	0
426	698	0
663	110	0
301	371	0
492	103	0
309	338	0
411	567	0
102	490	0
118	22	0
634	293	0
575	542	0
32	406	0
655	509	0
322	355	0
355	483	0
681	370	0
556	371	0
48	234	0
221	612	0
261	33	0
679	489	0
122	538	0
251	541	0
40	385	0
672	691	0
470	528	0
154	76	0
51	516	0
229	431	0
316	380	0
58	472	0
459	353	0
480	431	0
57	420	0
174	685	0
493	160	0
524	644	0
168	681	0
683	122	0
170	363	0
48	46	0
599	169	0
428	363	0
586	44	0
385	400	0
15	523	0
89	415	0
447	143	0
262	117	0
10	264	0
454	139	0
58	103	0
616	445	0
625	584	0
528	266	0
28	100	0
252	558	0
437	250	0
656	521	0
572	168	0
93	102	0
39	143	0
637	372	0
523	517	0
477	93	0
48	206	0
71	498	0
254	120	0
338	246	0
467	36	0
210	184	0
468	626	0
183	21	0
363	228	0
60	245	0
442	571	0
292	613	0
552	313	0
426	686	0
375	144	0
251	365	0
522	120	0
515	620	0
377	468	0
494	591	0
575	105	0
550	10	0
213	38	0
549	378	0
648	235	0
622	539	0
596	290	0
79	468	0
310	100	0
219	426	0
387	497	0
239	290	0
556	342	0
253	15	0
433	64	0
96	540	0
500	455	0
296	203	0
63	109	0
131	658	0
525	367	0
461	127	0
437	646	0
372	351	0
3	663	0
366	694	0
293	439	0
574	702	0
426	228	0
503	298	0
174	452	0
510	399	0
587	621	0
220	650	0
525	280	0
49	29	0
11	155	0
611	382	0
466	592	0
307	43	0
541	34	0
330	147	0
394	313	0
462	596	0
436	517	0
31	403	0
446	656	0
322	270	0
32	467	0
628	317	0
42	317	0
364	700	0
425	657	0
538	367	0
89	457	0
363	259	0
228	558	0
356	435	0
667	683	0
56	153	0
581	494	0
145	456	0
572	313	0
344	444	0
683	380	0
531	273	0
106	48	0
321	382	0
705	315	0
162	116	0
63	650	0
176	429	0
415	592	0
624	155	0
540	215	0
590	152	0
566	74	0
704	7	0
215	586	0
507	22	0
657	563	0
208	245	0
331	474	0
397	60	0
389	251	0
55	637	0
30	279	0
269	439	0
162	166	0
179	323	0
106	265	0
436	252	0
16	302	0
105	416	0
410	521	0
27	414	0
606	144	0
381	473	0
81	252	0
112	574	0
300	176	0
661	240	0
206	178	0
239	18	0
375	93	0
698	637	0
112	156	0
296	79	0
481	409	0
570	178	0
273	569	0
518	357	0
391	679	0
132	347	0
682	460	0
361	542	0
180	42	0
273	513	0
306	200	0
666	260	0
555	678	0
350	491	0
486	397	0
11	681	0
265	35	0
243	60	0
595	334	0
200	535	0
705	124	0
558	541	0
178	102	0
363	278	0
170	305	0
217	334	0
314	337	0
348	634	0
313	306	0
397	419	0
584	617	0
632	328	0
470	312	0
290	537	0
17	345	0
626	90	0
704	54	0
414	640	0
501	392	0
179	134	0
352	688	0
226	195	0
284	519	0
47	549	0
282	232	0
12	545	0
43	142	0
427	627	0
149	451	0
702	177	0
311	246	0
352	405	0
662	468	0
632	180	0
578	438	0
642	168	0
352	704	0
473	194	0
118	663	0
205	575	0
328	22	0
215	469	0
539	211	0
545	86	0
196	182	0
542	362	0
467	496	0
205	0	0