2876	7691	0
4910	2934	0
1699	6453	0
4134	6787	0
6725	1980	0
3601	5815	0
4459	6934	0
3422	5182	0
1898	843	0
7859	7749	0
2563	2260	0
5626	4224	0
7252	3260	0
2832	2446	0
529	4915	0
213	5357	0
2043	2963	0
5552	2250	0
2529	7728	0
1485	7401	0
6088	3470	0
1882	2963	0
2585	1764	0
3287	5387	0
1148	1784	0
5698	162	0
4473	7899	0
4915	2153	0
4910	2006	0
6999	739	0
2990	4138	0
7481	5688	0
1157	5303	0
1776	7524	0
7052	6661	0
1678	3891	0
2145	2062	0
3297	5551	0
6934	1637	0
4916	3806	0
4944	7089	0
738	7831	0
1805	3890	0
7528	2262	0
1697	4869	0
7766	6002	0
4774	6923	0
2689	7831	0
1640	6934	0
7139	7450	0
7768	5566	0
7595	3960	0
7843	7640	0
866	1998	0
7766	1982	0
1905	5681	0
7595	7755	0
1465	6998	0
5551	6818	0
4945	6078	0
3769	5961	0
5444	1075	0
5759	4548	0
5558	5631	0
3906	3891	0
2814	7561	0
1048	6923	0
7757	6601	0
2016	6323	0
4548	5352	0
1042	5847	0
5253	967	0
3425	1426	0
625	1871	0
3453	7087	0
2513	2088	0
6602	4996	0
1785	5710	0
5559	5557	0
5798	2411	0
3961	5105	0
7750	3961	0
295	4921	0
200	7765	0
5182	544	0
3959	6209	0
7637	1097	0
5401	1426	0
6308	1955	0
2734	795	0
964	5607	0
5558	4112	0
546	7087	0
2808	4627	0
3693	5191	0
2567	5941	0
203	4719	0
5695	1877	0
7641	1877	0
6787	5231	0