7947	0
7947	1
7947	2
7947	3
7947	4
7947	5
7947	6
7947	7
7947	8
7947	9
7947	10
7947	11
7947	12
7947	13
7947	14
7947	15
7947	16
7947	17
7947	18
7947	19
7947	20
7947	21
7947	22
7947	23
7947	24
7947	25
7947	26
7947	27
7947	28
7947	29
7947	30
7947	31
7947	32
7947	33
7947	34
7947	35
7947	36
7947	37
7947	38
7947	39
7947	40
7947	41
7947	42
7947	43
7947	44
7947	45
7947	46
7947	47
7947	48
7947	49
7947	50
7947	51
7947	52
7947	53
7947	54
7947	55
7947	56
7947	57
7947	58
7947	59
7947	60
7947	61
7947	62
7947	63
7947	64
7947	65
7947	66
7947	67
7947	68
7947	69
7947	70
7947	71
7947	72
7947	73
7947	74
7947	75
7947	76
7947	77
7947	78
7947	79
7947	80
7947	81
7947	82
7947	83
7947	84
7947	85
7947	86
7947	87
7947	88
7947	89
7947	90
7947	91
7947	92
7947	93
7947	94
7947	95
7947	96
7947	97
7947	98
7947	99
7947	100
7947	101
7947	102
7947	103
7947	104
7947	105
7947	106
7947	107
7947	108
7947	109
7947	110
7947	111
7947	112
7947	113
7947	114
7947	115
7947	116
7947	117
7947	118
7947	119
7947	120
7947	121
7947	122
7947	123
7947	124
7947	125
7947	126
7947	127
7947	128
7947	129
7947	130
7947	131
7947	132
7947	133
7947	134
7947	135
7947	136
7947	137
7947	138
7947	139
7947	140
7947	141
7947	142
7947	143
7947	144
7947	145
7947	146
7947	147
7947	148
7947	149
7947	150
7947	151
7947	152
7947	153
7947	154
7947	155
7947	156
7947	157
7947	158
7947	159
7947	160
7947	161
7947	162
7947	163
7947	164
7947	165
7947	166
7947	167
7947	168
7947	169
7947	170
7947	171
7947	172
7947	173
7947	174
7947	175
7947	176
7947	177
7947	178
7947	179
7947	180
7947	181
7947	182
7947	183
7947	184
7947	185
7947	186
7947	187
7947	188
7947	189
7947	190
7947	191
7947	192
7947	193
7947	194
7947	195
7947	196
7947	197
7947	198
7947	199
7947	200
7947	201
7947	202
7947	203
7947	204
7947	205
7947	206
7947	207
7947	208
7947	209
7947	210
7947	211
7947	212
7947	213
7947	214
7947	215
7947	216
7947	217
7947	218
7947	219
7947	220
7947	221
7947	222
7947	223
7947	224
7947	225
7947	226
7947	227
7947	228
7947	229
7947	230
7947	231
7947	232
7947	233
7947	234
7947	235
7947	236
7947	237
7947	238
7947	239
7947	240
7947	241
7947	242
7947	243
7947	244
7947	245
7947	246
7947	247
7947	248
7947	249
7947	250
7947	251
7947	252
7947	253
7947	254
7947	255
7947	256
7947	257
7947	258
7947	259
7947	260
7947	261
7947	262
7947	263
7947	264
7947	265
7947	266
7947	267
7947	268
7947	269
7947	270
7947	271
7947	272
7947	273
7947	274
7947	275
7947	276
7947	277
7947	278
7947	279
7947	280
7947	281
7947	282
7947	283
7947	284
7947	285
7947	286
7947	287
7947	288
7947	289
7947	290
7947	291
7947	292
7947	293
7947	294
7947	295
7947	296
7947	297
7947	298
7947	299
7947	300
7947	301
7947	302
7947	303
7947	304
7947	305
7947	306
7947	307
7947	308
7947	309
7947	310
7947	311
7947	312
7947	313
7947	314
7947	315
7947	316
7947	317
7947	318
7947	319
7947	320
7947	321
7947	322
7947	323
7947	324
7947	325
7947	326
7947	327
7947	328
7947	329
7947	330
7947	331
7947	332
7947	333
7947	334
7947	335
7947	336
7947	337
7947	338
7947	339
7947	340
7947	341
7947	342
7947	343
7947	344
7947	345
7947	346
7947	347
7947	348
7947	349
7947	350
7947	351
7947	352
7947	353
7947	354
7947	355
7947	356
7947	357
7947	358
7947	359
7947	360
7947	361
7947	362
7947	363
7947	364
7947	365
7947	366
7947	367
7947	368
7947	369
7947	370
7947	371
7947	372
7947	373
7947	374
7947	375
7947	376
7947	377
7947	378
7947	379
7947	380
7947	381
7947	382
7947	383
7947	384
7947	385
7947	386
7947	387
7947	388
7947	389
7947	390
7947	391
7947	392
7947	393
7947	394
7947	395
7947	396
7947	397
7947	398
7947	399
7947	400
7947	401
7947	402
7947	403
7947	404
7947	405
7947	406
7947	407
7947	408
7947	409
7947	410
7947	411
7947	412
7947	413
7947	414
7947	415
7947	416
7947	417
7947	418
7947	419
7947	420
7947	421
7947	422
7947	423
7947	424
7947	425
7947	426
7947	427
7947	428
7947	429
7947	430
7947	431
7947	432
7947	433
7947	434
7947	435
7947	436
7947	437
7947	438
7947	439
7947	440
7947	441
7947	442
7947	443
7947	444
7947	445
7947	446
7947	447
7947	448
7947	449
7947	450
7947	451
7947	452
7947	453
7947	454
7947	455
7947	456
7947	457
7947	458
7947	459
7947	460
7947	461
7947	462
7947	463
7947	464
7947	465
7947	466
7947	467
7947	468
7947	469
7947	470
7947	471
7947	472
7947	473
7947	474
7947	475
7947	476
7947	477
7947	478
7947	479
7947	480
7947	481
7947	482
7947	483
7947	484
7947	485
7947	486
7947	487
7947	488
7947	489
7947	490
7947	491
7947	492
7947	493
7947	494
7947	495
7947	496
7947	497
7947	498
7947	499
7947	500
7947	501
7947	502
7947	503
7947	504
7947	505
7947	506
7947	507
7947	508
7947	509
7947	510
7947	511
7947	512
7947	513
7947	514
7947	515
7947	516
7947	517
7947	518
7947	519
7947	520
7947	521
7947	522
7947	523
7947	524
7947	525
7947	526
7947	527
7947	528
7947	529
7947	530
7947	531
7947	532
7947	533
7947	534
7947	535
7947	536
7947	537
7947	538
7947	539
7947	540
7947	541
7947	542
7947	543
7947	544
7947	545
7947	546
7947	547
7947	548
7947	549
7947	550
7947	551
7947	552
7947	553
7947	554
7947	555
7947	556
7947	557
7947	558
7947	559
7947	560
7947	561
7947	562
7947	563
7947	564
7947	565
7947	566
7947	567
7947	568
7947	569
7947	570
7947	571
7947	572
7947	573
7947	574
7947	575
7947	576
7947	577
7947	578
7947	579
7947	580
7947	581
7947	582
7947	583
7947	584
7947	585
7947	586
7947	587
7947	588
7947	589
7947	590
7947	591
7947	592
7947	593
7947	594
7947	595
7947	596
7947	597
7947	598
7947	599
7947	600
7947	601
7947	602
7947	603
7947	604
7947	605
7947	606
7947	607
7947	608
7947	609
7947	610
7947	611
7947	612
7947	613
7947	614
7947	615
7947	616
7947	617
7947	618
7947	619
7947	620
7947	621
7947	622
7947	623
7947	624
7947	625
7947	626
7947	627
7947	628
7947	629
7947	630
7947	631
7947	632
7947	633
7947	634
7947	635
7947	636
7947	637
7947	638
7947	639
7947	640
7947	641
7947	642
7947	643
7947	644
7947	645
7947	646
7947	647
7947	648
7947	649
7947	650
7947	651
7947	652
7947	653
7947	654
7947	655
7947	656
7947	657
7947	658
7947	659
7947	660
7947	661
7947	662
7947	663
7947	664
7947	665
7947	666
7947	667
7947	668
7947	669
7947	670
7947	671
7947	672
7947	673
7947	674
7947	675
7947	676
7947	677
7947	678
7947	679
7947	680
7947	681
7947	682
7947	683
7947	684
7947	685
7947	686
7947	687
7947	688
7947	689
7947	690
7947	691
7947	692
7947	693
7947	694
7947	695
7947	696
7947	697
7947	698
7947	699
7947	700
7947	701
7947	702
7947	703
7947	704
7947	705
7947	706
7947	707
7947	708
7947	709
7947	710
7947	711
7947	712
7947	713
7947	714
7947	715
7947	716
7947	717
7947	718
7947	719
7947	720
7947	721
7947	722
7947	723
7947	724
7947	725
7947	726
7947	727
7947	728
7947	729
7947	730
7947	731
7947	732
7947	733
7947	734
7947	735
7947	736
7947	737
7947	738
7947	739
7947	740
7947	741
7947	742
7947	743
7947	744
7947	745
7947	746
7947	747
7947	748
7947	749
7947	750
7947	751
7947	752
7947	753
7947	754
7947	755
7947	756
7947	757
7947	758
7947	759
7947	760
7947	761
7947	762
7947	763
7947	764
7947	765
7947	766
7947	767
7947	768
7947	769
7947	770
7947	771
7947	772
7947	773
7947	774
7947	775
7947	776
7947	777
7947	778
7947	779
7947	780
7947	781
7947	782
7947	783
7947	784
7947	785
7947	786
7947	787
7947	788
7947	789
7947	790
7947	791
7947	792
7947	793
7947	794
7947	795
7947	796
7947	797
7947	798
7947	799
7947	800
7947	801
7947	802
7947	803
7947	804
7947	805
7947	806
7947	807
7947	808
7947	809
7947	810
7947	811
7947	812
7947	813
7947	814
7947	815
7947	816
7947	817
7947	818
7947	819
7947	820
7947	821
7947	822
7947	823
7947	824
7947	825
7947	826
7947	827
7947	828
7947	829
7947	830
7947	831
7947	832
7947	833
7947	834
7947	835
7947	836
7947	837
7947	838
7947	839
7947	840
7947	841
7947	842
7947	843
7947	844
7947	845
7947	846
7947	847
7947	848
7947	849
7947	850
7947	851
7947	852
7947	853
7947	854
7947	855
7947	856
7947	857
7947	858
7947	859
7947	860
7947	861
7947	862
7947	863
7947	864
7947	865
7947	866
7947	867
7947	868
7947	869
7947	870
7947	871
7947	872
7947	873
7947	874
7947	875
7947	876
7947	877
7947	878
7947	879
7947	880
7947	881
7947	882
7947	883
7947	884
7947	885
7947	886
7947	887
7947	888
7947	889
7947	890
7947	891
7947	892
7947	893
7947	894
7947	895
7947	896
7947	897
7947	898
7947	899
7947	900
7947	901
7947	902
7947	903
7947	904
7947	905
7947	906
7947	907
7947	908
7947	909
7947	910
7947	911
7947	912
7947	913
7947	914
7947	915
7947	916
7947	917
7947	918
7947	919
7947	920
7947	921
7947	922
7947	923
7947	924
7947	925
7947	926
7947	927
7947	928
7947	929
7947	930
7947	931
7947	932
7947	933
7947	934
7947	935
7947	936
7947	937
7947	938
7947	939
7947	940
7947	941
7947	942
7947	943
7947	944
7947	945
7947	946
7947	947
7947	948
7947	949
7947	950
7947	951
7947	952
7947	953
7947	954
7947	955
7947	956
7947	957
7947	958
7947	959
7947	960
7947	961
7947	962
7947	963
7947	964
7947	965
7947	966
7947	967
7947	968
7947	969
7947	970
7947	971
7947	972
7947	973
7947	974
7947	975
7947	976
7947	977
7947	978
7947	979
7947	980
7947	981
7947	982
7947	983
7947	984
7947	985
7947	986
7947	987
7947	988
7947	989
7947	990
7947	991
7947	992
7947	993
7947	994
7947	995
7947	996
7947	997
7947	998
7947	999
7947	1000
7947	1001
7947	1002
7947	1003
7947	1004
7947	1005
7947	1006
7947	1007
7947	1008
7947	1009
7947	1010
7947	1011
7947	1012
7947	1013
7947	1014
7947	1015
7947	1016
7947	1017
7947	1018
7947	1019
7947	1020
7947	1021
7947	1022
7947	1023
7947	1024
7947	1025
7947	1026
7947	1027
7947	1028
7947	1029
7947	1030
7947	1031
7947	1032
7947	1033
7947	1034
7947	1035
7947	1036
7947	1037
7947	1038
7947	1039
7947	1040
7947	1041
7947	1042
7947	1043
7947	1044
7947	1045
7947	1046
7947	1047
7947	1048
7947	1049
7947	1050
7947	1051
7947	1052
7947	1053
7947	1054
7947	1055
7947	1056
7947	1057
7947	1058
7947	1059
7947	1060
7947	1061
7947	1062
7947	1063
7947	1064
7947	1065
7947	1066
7947	1067
7947	1068
7947	1069
7947	1070
7947	1071
7947	1072
7947	1073
7947	1074
7947	1075
7947	1076
7947	1077
7947	1078
7947	1079
7947	1080
7947	1081
7947	1082
7947	1083
7947	1084
7947	1085
7947	1086
7947	1087
7947	1088
7947	1089
7947	1090
7947	1091
7947	1092
7947	1093
7947	1094
7947	1095
7947	1096
7947	1097
7947	1098
7947	1099
7947	1100
7947	1101
7947	1102
7947	1103
7947	1104
7947	1105
7947	1106
7947	1107
7947	1108
7947	1109
7947	1110
7947	1111
7947	1112
7947	1113
7947	1114
7947	1115
7947	1116
7947	1117
7947	1118
7947	1119
7947	1120
7947	1121
7947	1122
7947	1123
7947	1124
7947	1125
7947	1126
7947	1127
7947	1128
7947	1129
7947	1130
7947	1131
7947	1132
7947	1133
7947	1134
7947	1135
7947	1136
7947	1137
7947	1138
7947	1139
7947	1140
7947	1141
7947	1142
7947	1143
7947	1144
7947	1145
7947	1146
7947	1147
7947	1148
7947	1149
7947	1150
7947	1151
7947	1152
7947	1153
7947	1154
7947	1155
7947	1156
7947	1157
7947	1158
7947	1159
7947	1160
7947	1161
7947	1162
7947	1163
7947	1164
7947	1165
7947	1166
7947	1167
7947	1168
7947	1169
7947	1170
7947	1171
7947	1172
7947	1173
7947	1174
7947	1175
7947	1176
7947	1177
7947	1178
7947	1179
7947	1180
7947	1181
7947	1182
7947	1183
7947	1184
7947	1185
7947	1186
7947	1187
7947	1188
7947	1189
7947	1190
7947	1191
7947	1192
7947	1193
7947	1194
7947	1195
7947	1196
7947	1197
7947	1198
7947	1199
7947	1200
7947	1201
7947	1202
7947	1203
7947	1204
7947	1205
7947	1206
7947	1207
7947	1208
7947	1209
7947	1210
7947	1211
7947	1212
7947	1213
7947	1214
7947	1215
7947	1216
7947	1217
7947	1218
7947	1219
7947	1220
7947	1221
7947	1222
7947	1223
7947	1224
7947	1225
7947	1226
7947	1227
7947	1228
7947	1229
7947	1230
7947	1231
7947	1232
7947	1233
7947	1234
7947	1235
7947	1236
7947	1237
7947	1238
7947	1239
7947	1240
7947	1241
7947	1242
7947	1243
7947	1244
7947	1245
7947	1246
7947	1247
7947	1248
7947	1249
7947	1250
7947	1251
7947	1252
7947	1253
7947	1254
7947	1255
7947	1256
7947	1257
7947	1258
7947	1259
7947	1260
7947	1261
7947	1262
7947	1263
7947	1264
7947	1265
7947	1266
7947	1267
7947	1268
7947	1269
7947	1270
7947	1271
7947	1272
7947	1273
7947	1274
7947	1275
7947	1276
7947	1277
7947	1278
7947	1279
7947	1280
7947	1281
7947	1282
7947	1283
7947	1284
7947	1285
7947	1286
7947	1287
7947	1288
7947	1289
7947	1290
7947	1291
7947	1292
7947	1293
7947	1294
7947	1295
7947	1296
7947	1297
7947	1298
7947	1299
7947	1300
7947	1301
7947	1302
7947	1303
7947	1304
7947	1305
7947	1306
7947	1307
7947	1308
7947	1309
7947	1310
7947	1311
7947	1312
7947	1313
7947	1314
7947	1315
7947	1316
7947	1317
7947	1318
7947	1319
7947	1320
7947	1321
7947	1322
7947	1323
7947	1324
7947	1325
7947	1326
7947	1327
7947	1328
7947	1329
7947	1330
7947	1331
7947	1332
7947	1333
7947	1334
7947	1335
7947	1336
7947	1337
7947	1338
7947	1339
7947	1340
7947	1341
7947	1342
7947	1343
7947	1344
7947	1345
7947	1346
7947	1347
7947	1348
7947	1349
7947	1350
7947	1351
7947	1352
7947	1353
7947	1354
7947	1355
7947	1356
7947	1357
7947	1358
7947	1359
7947	1360
7947	1361
7947	1362
7947	1363
7947	1364
7947	1365
7947	1366
7947	1367
7947	1368
7947	1369
7947	1370
7947	1371
7947	1372
7947	1373
7947	1374
7947	1375
7947	1376
7947	1377
7947	1378
7947	1379
7947	1380
7947	1381
7947	1382
7947	1383
7947	1384
7947	1385
7947	1386
7947	1387
7947	1388
7947	1389
7947	1390
7947	1391
7947	1392
7947	1393
7947	1394
7947	1395
7947	1396
7947	1397
7947	1398
7947	1399
7947	1400
7947	1401
7947	1402
7947	1403
7947	1404
7947	1405
7947	1406
7947	1407
7947	1408
7947	1409
7947	1410
7947	1411
7947	1412
7947	1413
7947	1414
7947	1415
7947	1416
7947	1417
7947	1418
7947	1419
7947	1420
7947	1421
7947	1422
7947	1423
7947	1424
7947	1425
7947	1426
7947	1427
7947	1428
7947	1429
7947	1430
7947	1431
7947	1432
7947	1433
7947	1434
7947	1435
7947	1436
7947	1437
7947	1438
7947	1439
7947	1440
7947	1441
7947	1442
7947	1443
7947	1444
7947	1445
7947	1446
7947	1447
7947	1448
7947	1449
7947	1450
7947	1451
7947	1452
7947	1453
7947	1454
7947	1455
7947	1456
7947	1457
7947	1458
7947	1459
7947	1460
7947	1461
7947	1462
7947	1463
7947	1464
7947	1465
7947	1466
7947	1467
7947	1468
7947	1469
7947	1470
7947	1471
7947	1472
7947	1473
7947	1474
7947	1475
7947	1476
7947	1477
7947	1478
7947	1479
7947	1480
7947	1481
7947	1482
7947	1483
7947	1484
7947	1485
7947	1486
7947	1487
7947	1488
7947	1489
7947	1490
7947	1491
7947	1492
7947	1493
7947	1494
7947	1495
7947	1496
7947	1497
7947	1498
7947	1499
7947	1500
7947	1501
7947	1502
7947	1503
7947	1504
7947	1505
7947	1506
7947	1507
7947	1508
7947	1509
7947	1510
7947	1511
7947	1512
7947	1513
7947	1514
7947	1515
7947	1516
7947	1517
7947	1518
7947	1519
7947	1520
7947	1521
7947	1522
7947	1523
7947	1524
7947	1525
7947	1526
7947	1527
7947	1528
7947	1529
7947	1530
7947	1531
7947	1532
7947	1533
7947	1534
7947	1535
7947	1536
7947	1537
7947	1538
7947	1539
7947	1540
7947	1541
7947	1542
7947	1543
7947	1544
7947	1545
7947	1546
7947	1547
7947	1548
7947	1549
7947	1550
7947	1551
7947	1552
7947	1553
7947	1554
7947	1555
7947	1556
7947	1557
7947	1558
7947	1559
7947	1560
7947	1561
7947	1562
7947	1563
7947	1564
7947	1565
7947	1566
7947	1567
7947	1568
7947	1569
7947	1570
7947	1571
7947	1572
7947	1573
7947	1574
7947	1575
7947	1576
7947	1577
7947	1578
7947	1579
7947	1580
7947	1581
7947	1582
7947	1583
7947	1584
7947	1585
7947	1586
7947	1587
7947	1588
7947	1589
7947	1590
7947	1591
7947	1592
7947	1593
7947	1594
7947	1595
7947	1596
7947	1597
7947	1598
7947	1599
7947	1600
7947	1601
7947	1602
7947	1603
7947	1604
7947	1605
7947	1606
7947	1607
7947	1608
7947	1609
7947	1610
7947	1611
7947	1612
7947	1613
7947	1614
7947	1615
7947	1616
7947	1617
7947	1618
7947	1619
7947	1620
7947	1621
7947	1622
7947	1623
7947	1624
7947	1625
7947	1626
7947	1627
7947	1628
7947	1629
7947	1630
7947	1631
7947	1632
7947	1633
7947	1634
7947	1635
7947	1636
7947	1637
7947	1638
7947	1639
7947	1640
7947	1641
7947	1642
7947	1643
7947	1644
7947	1645
7947	1646
7947	1647
7947	1648
7947	1649
7947	1650
7947	1651
7947	1652
7947	1653
7947	1654
7947	1655
7947	1656
7947	1657
7947	1658
7947	1659
7947	1660
7947	1661
7947	1662
7947	1663
7947	1664
7947	1665
7947	1666
7947	1667
7947	1668
7947	1669
7947	1670
7947	1671
7947	1672
7947	1673
7947	1674
7947	1675
7947	1676
7947	1677
7947	1678
7947	1679
7947	1680
7947	1681
7947	1682
7947	1683
7947	1684
7947	1685
7947	1686
7947	1687
7947	1688
7947	1689
7947	1690
7947	1691
7947	1692
7947	1693
7947	1694
7947	1695
7947	1696
7947	1697
7947	1698
7947	1699
7947	1700
7947	1701
7947	1702
7947	1703
7947	1704
7947	1705
7947	1706
7947	1707
7947	1708
7947	1709
7947	1710
7947	1711
7947	1712
7947	1713
7947	1714
7947	1715
7947	1716
7947	1717
7947	1718
7947	1719
7947	1720
7947	1721
7947	1722
7947	1723
7947	1724
7947	1725
7947	1726
7947	1727
7947	1728
7947	1729
7947	1730
7947	1731
7947	1732
7947	1733
7947	1734
7947	1735
7947	1736
7947	1737
7947	1738
7947	1739
7947	1740
7947	1741
7947	1742
7947	1743
7947	1744
7947	1745
7947	1746
7947	1747
7947	1748
7947	1749
7947	1750
7947	1751
7947	1752
7947	1753
7947	1754
7947	1755
7947	1756
7947	1757
7947	1758
7947	1759
7947	1760
7947	1761
7947	1762
7947	1763
7947	1764
7947	1765
7947	1766
7947	1767
7947	1768
7947	1769
7947	1770
7947	1771
7947	1772
7947	1773
7947	1774
7947	1775
7947	1776
7947	1777
7947	1778
7947	1779
7947	1780
7947	1781
7947	1782
7947	1783
7947	1784
7947	1785
7947	1786
7947	1787
7947	1788
7947	1789
7947	1790
7947	1791
7947	1792
7947	1793
7947	1794
7947	1795
7947	1796
7947	1797
7947	1798
7947	1799
7947	1800
7947	1801
7947	1802
7947	1803
7947	1804
7947	1805
7947	1806
7947	1807
7947	1808
7947	1809
7947	1810
7947	1811
7947	1812
7947	1813
7947	1814
7947	1815
7947	1816
7947	1817
7947	1818
7947	1819
7947	1820
7947	1821
7947	1822
7947	1823
7947	1824
7947	1825
7947	1826
7947	1827
7947	1828
7947	1829
7947	1830
7947	1831
7947	1832
7947	1833
7947	1834
7947	1835
7947	1836
7947	1837
7947	1838
7947	1839
7947	1840
7947	1841
7947	1842
7947	1843
7947	1844
7947	1845
7947	1846
7947	1847
7947	1848
7947	1849
7947	1850
7947	1851
7947	1852
7947	1853
7947	1854
7947	1855
7947	1856
7947	1857
7947	1858
7947	1859
7947	1860
7947	1861
7947	1862
7947	1863
7947	1864
7947	1865
7947	1866
7947	1867
7947	1868
7947	1869
7947	1870
7947	1871
7947	1872
7947	1873
7947	1874
7947	1875
7947	1876
7947	1877
7947	1878
7947	1879
7947	1880
7947	1881
7947	1882
7947	1883
7947	1884
7947	1885
7947	1886
7947	1887
7947	1888
7947	1889
7947	1890
7947	1891
7947	1892
7947	1893
7947	1894
7947	1895
7947	1896
7947	1897
7947	1898
7947	1899
7947	1900
7947	1901
7947	1902
7947	1903
7947	1904
7947	1905
7947	1906
7947	1907
7947	1908
7947	1909
7947	1910
7947	1911
7947	1912
7947	1913
7947	1914
7947	1915
7947	1916
7947	1917
7947	1918
7947	1919
7947	1920
7947	1921
7947	1922
7947	1923
7947	1924
7947	1925
7947	1926
7947	1927
7947	1928
7947	1929
7947	1930
7947	1931
7947	1932
7947	1933
7947	1934
7947	1935
7947	1936
7947	1937
7947	1938
7947	1939
7947	1940
7947	1941
7947	1942
7947	1943
7947	1944
7947	1945
7947	1946
7947	1947
7947	1948
7947	1949
7947	1950
7947	1951
7947	1952
7947	1953
7947	1954
7947	1955
7947	1956
7947	1957
7947	1958
7947	1959
7947	1960
7947	1961
7947	1962
7947	1963
7947	1964
7947	1965
7947	1966
7947	1967
7947	1968
7947	1969
7947	1970
7947	1971
7947	1972
7947	1973
7947	1974
7947	1975
7947	1976
7947	1977
7947	1978
7947	1979
7947	1980
7947	1981
7947	1982
7947	1983
7947	1984
7947	1985
7947	1986
7947	1987
7947	1988
7947	1989
7947	1990
7947	1991
7947	1992
7947	1993
7947	1994
7947	1995
7947	1996
7947	1997
7947	1998
7947	1999
7947	2000
7947	2001
7947	2002
7947	2003
7947	2004
7947	2005
7947	2006
7947	2007
7947	2008
7947	2009
7947	2010
7947	2011
7947	2012
7947	2013
7947	2014
7947	2015
7947	2016
7947	2017
7947	2018
7947	2019
7947	2020
7947	2021
7947	2022
7947	2023
7947	2024
7947	2025
7947	2026
7947	2027
7947	2028
7947	2029
7947	2030
7947	2031
7947	2032
7947	2033
7947	2034
7947	2035
7947	2036
7947	2037
7947	2038
7947	2039
7947	2040
7947	2041
7947	2042
7947	2043
7947	2044
7947	2045
7947	2046
7947	2047
7947	2048
7947	2049
7947	2050
7947	2051
7947	2052
7947	2053
7947	2054
7947	2055
7947	2056
7947	2057
7947	2058
7947	2059
7947	2060
7947	2061
7947	2062
7947	2063
7947	2064
7947	2065
7947	2066
7947	2067
7947	2068
7947	2069
7947	2070
7947	2071
7947	2072
7947	2073
7947	2074
7947	2075
7947	2076
7947	2077
7947	2078
7947	2079
7947	2080
7947	2081
7947	2082
7947	2083
7947	2084
7947	2085
7947	2086
7947	2087
7947	2088
7947	2089
7947	2090
7947	2091
7947	2092
7947	2093
7947	2094
7947	2095
7947	2096
7947	2097
7947	2098
7947	2099
7947	2100
7947	2101
7947	2102
7947	2103
7947	2104
7947	2105
7947	2106
7947	2107
7947	2108
7947	2109
7947	2110
7947	2111
7947	2112
7947	2113
7947	2114
7947	2115
7947	2116
7947	2117
7947	2118
7947	2119
7947	2120
7947	2121
7947	2122
7947	2123
7947	2124
7947	2125
7947	2126
7947	2127
7947	2128
7947	2129
7947	2130
7947	2131
7947	2132
7947	2133
7947	2134
7947	2135
7947	2136
7947	2137
7947	2138
7947	2139
7947	2140
7947	2141
7947	2142
7947	2143
7947	2144
7947	2145
7947	2146
7947	2147
7947	2148
7947	2149
7947	2150
7947	2151
7947	2152
7947	2153
7947	2154
7947	2155
7947	2156
7947	2157
7947	2158
7947	2159
7947	2160
7947	2161
7947	2162
7947	2163
7947	2164
7947	2165
7947	2166
7947	2167
7947	2168
7947	2169
7947	2170
7947	2171
7947	2172
7947	2173
7947	2174
7947	2175
7947	2176
7947	2177
7947	2178
7947	2179
7947	2180
7947	2181
7947	2182
7947	2183
7947	2184
7947	2185
7947	2186
7947	2187
7947	2188
7947	2189
7947	2190
7947	2191
7947	2192
7947	2193
7947	2194
7947	2195
7947	2196
7947	2197
7947	2198
7947	2199
7947	2200
7947	2201
7947	2202
7947	2203
7947	2204
7947	2205
7947	2206
7947	2207
7947	2208
7947	2209
7947	2210
7947	2211
7947	2212
7947	2213
7947	2214
7947	2215
7947	2216
7947	2217
7947	2218
7947	2219
7947	2220
7947	2221
7947	2222
7947	2223
7947	2224
7947	2225
7947	2226
7947	2227
7947	2228
7947	2229
7947	2230
7947	2231
7947	2232
7947	2233
7947	2234
7947	2235
7947	2236
7947	2237
7947	2238
7947	2239
7947	2240
7947	2241
7947	2242
7947	2243
7947	2244
7947	2245
7947	2246
7947	2247
7947	2248
7947	2249
7947	2250
7947	2251
7947	2252
7947	2253
7947	2254
7947	2255
7947	2256
7947	2257
7947	2258
7947	2259
7947	2260
7947	2261
7947	2262
7947	2263
7947	2264
7947	2265
7947	2266
7947	2267
7947	2268
7947	2269
7947	2270
7947	2271
7947	2272
7947	2273
7947	2274
7947	2275
7947	2276
7947	2277
7947	2278
7947	2279
7947	2280
7947	2281
7947	2282
7947	2283
7947	2284
7947	2285
7947	2286
7947	2287
7947	2288
7947	2289
7947	2290
7947	2291
7947	2292
7947	2293
7947	2294
7947	2295
7947	2296
7947	2297
7947	2298
7947	2299
7947	2300
7947	2301
7947	2302
7947	2303
7947	2304
7947	2305
7947	2306
7947	2307
7947	2308
7947	2309
7947	2310
7947	2311
7947	2312
7947	2313
7947	2314
7947	2315
7947	2316
7947	2317
7947	2318
7947	2319
7947	2320
7947	2321
7947	2322
7947	2323
7947	2324
7947	2325
7947	2326
7947	2327
7947	2328
7947	2329
7947	2330
7947	2331
7947	2332
7947	2333
7947	2334
7947	2335
7947	2336
7947	2337
7947	2338
7947	2339
7947	2340
7947	2341
7947	2342
7947	2343
7947	2344
7947	2345
7947	2346
7947	2347
7947	2348
7947	2349
7947	2350
7947	2351
7947	2352
7947	2353
7947	2354
7947	2355
7947	2356
7947	2357
7947	2358
7947	2359
7947	2360
7947	2361
7947	2362
7947	2363
7947	2364
7947	2365
7947	2366
7947	2367
7947	2368
7947	2369
7947	2370
7947	2371
7947	2372
7947	2373
7947	2374
7947	2375
7947	2376
7947	2377
7947	2378
7947	2379
7947	2380
7947	2381
7947	2382
7947	2383
7947	2384
7947	2385
7947	2386
7947	2387
7947	2388
7947	2389
7947	2390
7947	2391
7947	2392
7947	2393
7947	2394
7947	2395
7947	2396
7947	2397
7947	2398
7947	2399
7947	2400
7947	2401
7947	2402
7947	2403
7947	2404
7947	2405
7947	2406
7947	2407
7947	2408
7947	2409
7947	2410
7947	2411
7947	2412
7947	2413
7947	2414
7947	2415
7947	2416
7947	2417
7947	2418
7947	2419
7947	2420
7947	2421
7947	2422
7947	2423
7947	2424
7947	2425
7947	2426
7947	2427
7947	2428
7947	2429
7947	2430
7947	2431
7947	2432
7947	2433
7947	2434
7947	2435
7947	2436
7947	2437
7947	2438
7947	2439
7947	2440
7947	2441
7947	2442
7947	2443
7947	2444
7947	2445
7947	2446
7947	2447
7947	2448
7947	2449
7947	2450
7947	2451
7947	2452
7947	2453
7947	2454
7947	2455
7947	2456
7947	2457
7947	2458
7947	2459
7947	2460
7947	2461
7947	2462
7947	2463
7947	2464
7947	2465
7947	2466
7947	2467
7947	2468
7947	2469
7947	2470
7947	2471
7947	2472
7947	2473
7947	2474
7947	2475
7947	2476
7947	2477
7947	2478
7947	2479
7947	2480
7947	2481
7947	2482
7947	2483
7947	2484
7947	2485
7947	2486
7947	2487
7947	2488
7947	2489
7947	2490
7947	2491
7947	2492
7947	2493
7947	2494
7947	2495
7947	2496
7947	2497
7947	2498
7947	2499
7947	2500
7947	2501
7947	2502
7947	2503
7947	2504
7947	2505
7947	2506
7947	2507
7947	2508
7947	2509
7947	2510
7947	2511
7947	2512
7947	2513
7947	2514
7947	2515
7947	2516
7947	2517
7947	2518
7947	2519
7947	2520
7947	2521
7947	2522
7947	2523
7947	2524
7947	2525
7947	2526
7947	2527
7947	2528
7947	2529
7947	2530
7947	2531
7947	2532
7947	2533
7947	2534
7947	2535
7947	2536
7947	2537
7947	2538
7947	2539
7947	2540
7947	2541
7947	2542
7947	2543
7947	2544
7947	2545
7947	2546
7947	2547
7947	2548
7947	2549
7947	2550
7947	2551
7947	2552
7947	2553
7947	2554
7947	2555
7947	2556
7947	2557
7947	2558
7947	2559
7947	2560
7947	2561
7947	2562
7947	2563
7947	2564
7947	2565
7947	2566
7947	2567
7947	2568
7947	2569
7947	2570
7947	2571
7947	2572
7947	2573
7947	2574
7947	2575
7947	2576
7947	2577
7947	2578
7947	2579
7947	2580
7947	2581
7947	2582
7947	2583
7947	2584
7947	2585
7947	2586
7947	2587
7947	2588
7947	2589
7947	2590
7947	2591
7947	2592
7947	2593
7947	2594
7947	2595
7947	2596
7947	2597
7947	2598
7947	2599
7947	2600
7947	2601
7947	2602
7947	2603
7947	2604
7947	2605
7947	2606
7947	2607
7947	2608
7947	2609
7947	2610
7947	2611
7947	2612
7947	2613
7947	2614
7947	2615
7947	2616
7947	2617
7947	2618
7947	2619
7947	2620
7947	2621
7947	2622
7947	2623
7947	2624
7947	2625
7947	2626
7947	2627
7947	2628
7947	2629
7947	2630
7947	2631
7947	2632
7947	2633
7947	2634
7947	2635
7947	2636
7947	2637
7947	2638
7947	2639
7947	2640
7947	2641
7947	2642
7947	2643
7947	2644
7947	2645
7947	2646
7947	2647
7947	2648
7947	2649
7947	2650
7947	2651
7947	2652
7947	2653
7947	2654
7947	2655
7947	2656
7947	2657
7947	2658
7947	2659
7947	2660
7947	2661
7947	2662
7947	2663
7947	2664
7947	2665
7947	2666
7947	2667
7947	2668
7947	2669
7947	2670
7947	2671
7947	2672
7947	2673
7947	2674
7947	2675
7947	2676
7947	2677
7947	2678
7947	2679
7947	2680
7947	2681
7947	2682
7947	2683
7947	2684
7947	2685
7947	2686
7947	2687
7947	2688
7947	2689
7947	2690
7947	2691
7947	2692
7947	2693
7947	2694
7947	2695
7947	2696
7947	2697
7947	2698
7947	2699
7947	2700
7947	2701
7947	2702
7947	2703
7947	2704
7947	2705
7947	2706
7947	2707
7947	2708
7947	2709
7947	2710
7947	2711
7947	2712
7947	2713
7947	2714
7947	2715
7947	2716
7947	2717
7947	2718
7947	2719
7947	2720
7947	2721
7947	2722
7947	2723
7947	2724
7947	2725
7947	2726
7947	2727
7947	2728
7947	2729
7947	2730
7947	2731
7947	2732
7947	2733
7947	2734
7947	2735
7947	2736
7947	2737
7947	2738
7947	2739
7947	2740
7947	2741
7947	2742
7947	2743
7947	2744
7947	2745
7947	2746
7947	2747
7947	2748
7947	2749
7947	2750
7947	2751
7947	2752
7947	2753
7947	2754
7947	2755
7947	2756
7947	2757
7947	2758
7947	2759
7947	2760
7947	2761
7947	2762
7947	2763
7947	2764
7947	2765
7947	2766
7947	2767
7947	2768
7947	2769
7947	2770
7947	2771
7947	2772
7947	2773
7947	2774
7947	2775
7947	2776
7947	2777
7947	2778
7947	2779
7947	2780
7947	2781
7947	2782
7947	2783
7947	2784
7947	2785
7947	2786
7947	2787
7947	2788
7947	2789
7947	2790
7947	2791
7947	2792
7947	2793
7947	2794
7947	2795
7947	2796
7947	2797
7947	2798
7947	2799
7947	2800
7947	2801
7947	2802
7947	2803
7947	2804
7947	2805
7947	2806
7947	2807
7947	2808
7947	2809
7947	2810
7947	2811
7947	2812
7947	2813
7947	2814
7947	2815
7947	2816
7947	2817
7947	2818
7947	2819
7947	2820
7947	2821
7947	2822
7947	2823
7947	2824
7947	2825
7947	2826
7947	2827
7947	2828
7947	2829
7947	2830
7947	2831
7947	2832
7947	2833
7947	2834
7947	2835
7947	2836
7947	2837
7947	2838
7947	2839
7947	2840
7947	2841
7947	2842
7947	2843
7947	2844
7947	2845
7947	2846
7947	2847
7947	2848
7947	2849
7947	2850
7947	2851
7947	2852
7947	2853
7947	2854
7947	2855
7947	2856
7947	2857
7947	2858
7947	2859
7947	2860
7947	2861
7947	2862
7947	2863
7947	2864
7947	2865
7947	2866
7947	2867
7947	2868
7947	2869
7947	2870
7947	2871
7947	2872
7947	2873
7947	2874
7947	2875
7947	2876
7947	2877
7947	2878
7947	2879
7947	2880
7947	2881
7947	2882
7947	2883
7947	2884
7947	2885
7947	2886
7947	2887
7947	2888
7947	2889
7947	2890
7947	2891
7947	2892
7947	2893
7947	2894
7947	2895
7947	2896
7947	2897
7947	2898
7947	2899
7947	2900
7947	2901
7947	2902
7947	2903
7947	2904
7947	2905
7947	2906
7947	2907
7947	2908
7947	2909
7947	2910
7947	2911
7947	2912
7947	2913
7947	2914
7947	2915
7947	2916
7947	2917
7947	2918
7947	2919
7947	2920
7947	2921
7947	2922
7947	2923
7947	2924
7947	2925
7947	2926
7947	2927
7947	2928
7947	2929
7947	2930
7947	2931
7947	2932
7947	2933
7947	2934
7947	2935
7947	2936
7947	2937
7947	2938
7947	2939
7947	2940
7947	2941
7947	2942
7947	2943
7947	2944
7947	2945
7947	2946
7947	2947
7947	2948
7947	2949
7947	2950
7947	2951
7947	2952
7947	2953
7947	2954
7947	2955
7947	2956
7947	2957
7947	2958
7947	2959
7947	2960
7947	2961
7947	2962
7947	2963
7947	2964
7947	2965
7947	2966
7947	2967
7947	2968
7947	2969
7947	2970
7947	2971
7947	2972
7947	2973
7947	2974
7947	2975
7947	2976
7947	2977
7947	2978
7947	2979
7947	2980
7947	2981
7947	2982
7947	2983
7947	2984
7947	2985
7947	2986
7947	2987
7947	2988
7947	2989
7947	2990
7947	2991
7947	2992
7947	2993
7947	2994
7947	2995
7947	2996
7947	2997
7947	2998
7947	2999
7947	3000
7947	3001
7947	3002
7947	3003
7947	3004
7947	3005
7947	3006
7947	3007
7947	3008
7947	3009
7947	3010
7947	3011
7947	3012
7947	3013
7947	3014
7947	3015
7947	3016
7947	3017
7947	3018
7947	3019
7947	3020
7947	3021
7947	3022
7947	3023
7947	3024
7947	3025
7947	3026
7947	3027
7947	3028
7947	3029
7947	3030
7947	3031
7947	3032
7947	3033
7947	3034
7947	3035
7947	3036
7947	3037
7947	3038
7947	3039
7947	3040
7947	3041
7947	3042
7947	3043
7947	3044
7947	3045
7947	3046
7947	3047
7947	3048
7947	3049
7947	3050
7947	3051
7947	3052
7947	3053
7947	3054
7947	3055
7947	3056
7947	3057
7947	3058
7947	3059
7947	3060
7947	3061
7947	3062
7947	3063
7947	3064
7947	3065
7947	3066
7947	3067
7947	3068
7947	3069
7947	3070
7947	3071
7947	3072
7947	3073
7947	3074
7947	3075
7947	3076
7947	3077
7947	3078
7947	3079
7947	3080
7947	3081
7947	3082
7947	3083
7947	3084
7947	3085
7947	3086
7947	3087
7947	3088
7947	3089
7947	3090
7947	3091
7947	3092
7947	3093
7947	3094
7947	3095
7947	3096
7947	3097
7947	3098
7947	3099
7947	3100
7947	3101
7947	3102
7947	3103
7947	3104
7947	3105
7947	3106
7947	3107
7947	3108
7947	3109
7947	3110
7947	3111
7947	3112
7947	3113
7947	3114
7947	3115
7947	3116
7947	3117
7947	3118
7947	3119
7947	3120
7947	3121
7947	3122
7947	3123
7947	3124
7947	3125
7947	3126
7947	3127
7947	3128
7947	3129
7947	3130
7947	3131
7947	3132
7947	3133
7947	3134
7947	3135
7947	3136
7947	3137
7947	3138
7947	3139
7947	3140
7947	3141
7947	3142
7947	3143
7947	3144
7947	3145
7947	3146
7947	3147
7947	3148
7947	3149
7947	3150
7947	3151
7947	3152
7947	3153
7947	3154
7947	3155
7947	3156
7947	3157
7947	3158
7947	3159
7947	3160
7947	3161
7947	3162
7947	3163
7947	3164
7947	3165
7947	3166
7947	3167
7947	3168
7947	3169
7947	3170
7947	3171
7947	3172
7947	3173
7947	3174
7947	3175
7947	3176
7947	3177
7947	3178
7947	3179
7947	3180
7947	3181
7947	3182
7947	3183
7947	3184
7947	3185
7947	3186
7947	3187
7947	3188
7947	3189
7947	3190
7947	3191
7947	3192
7947	3193
7947	3194
7947	3195
7947	3196
7947	3197
7947	3198
7947	3199
7947	3200
7947	3201
7947	3202
7947	3203
7947	3204
7947	3205
7947	3206
7947	3207
7947	3208
7947	3209
7947	3210
7947	3211
7947	3212
7947	3213
7947	3214
7947	3215
7947	3216
7947	3217
7947	3218
7947	3219
7947	3220
7947	3221
7947	3222
7947	3223
7947	3224
7947	3225
7947	3226
7947	3227
7947	3228
7947	3229
7947	3230
7947	3231
7947	3232
7947	3233
7947	3234
7947	3235
7947	3236
7947	3237
7947	3238
7947	3239
7947	3240
7947	3241
7947	3242
7947	3243
7947	3244
7947	3245
7947	3246
7947	3247
7947	3248
7947	3249
7947	3250
7947	3251
7947	3252
7947	3253
7947	3254
7947	3255
7947	3256
7947	3257
7947	3258
7947	3259
7947	3260
7947	3261
7947	3262
7947	3263
7947	3264
7947	3265
7947	3266
7947	3267
7947	3268
7947	3269
7947	3270
7947	3271
7947	3272
7947	3273
7947	3274
7947	3275
7947	3276
7947	3277
7947	3278
7947	3279
7947	3280
7947	3281
7947	3282
7947	3283
7947	3284
7947	3285
7947	3286
7947	3287
7947	3288
7947	3289
7947	3290
7947	3291
7947	3292
7947	3293
7947	3294
7947	3295
7947	3296
7947	3297
7947	3298
7947	3299
7947	3300
7947	3301
7947	3302
7947	3303
7947	3304
7947	3305
7947	3306
7947	3307
7947	3308
7947	3309
7947	3310
7947	3311
7947	3312
7947	3313
7947	3314
7947	3315
7947	3316
7947	3317
7947	3318
7947	3319
7947	3320
7947	3321
7947	3322
7947	3323
7947	3324
7947	3325
7947	3326
7947	3327
7947	3328
7947	3329
7947	3330
7947	3331
7947	3332
7947	3333
7947	3334
7947	3335
7947	3336
7947	3337
7947	3338
7947	3339
7947	3340
7947	3341
7947	3342
7947	3343
7947	3344
7947	3345
7947	3346
7947	3347
7947	3348
7947	3349
7947	3350
7947	3351
7947	3352
7947	3353
7947	3354
7947	3355
7947	3356
7947	3357
7947	3358
7947	3359
7947	3360
7947	3361
7947	3362
7947	3363
7947	3364
7947	3365
7947	3366
7947	3367
7947	3368
7947	3369
7947	3370
7947	3371
7947	3372
7947	3373
7947	3374
7947	3375
7947	3376
7947	3377
7947	3378
7947	3379
7947	3380
7947	3381
7947	3382
7947	3383
7947	3384
7947	3385
7947	3386
7947	3387
7947	3388
7947	3389
7947	3390
7947	3391
7947	3392
7947	3393
7947	3394
7947	3395
7947	3396
7947	3397
7947	3398
7947	3399
7947	3400
7947	3401
7947	3402
7947	3403
7947	3404
7947	3405
7947	3406
7947	3407
7947	3408
7947	3409
7947	3410
7947	3411
7947	3412
7947	3413
7947	3414
7947	3415
7947	3416
7947	3417
7947	3418
7947	3419
7947	3420
7947	3421
7947	3422
7947	3423
7947	3424
7947	3425
7947	3426
7947	3427
7947	3428
7947	3429
7947	3430
7947	3431
7947	3432
7947	3433
7947	3434
7947	3435
7947	3436
7947	3437
7947	3438
7947	3439
7947	3440
7947	3441
7947	3442
7947	3443
7947	3444
7947	3445
7947	3446
7947	3447
7947	3448
7947	3449
7947	3450
7947	3451
7947	3452
7947	3453
7947	3454
7947	3455
7947	3456
7947	3457
7947	3458
7947	3459
7947	3460
7947	3461
7947	3462
7947	3463
7947	3464
7947	3465
7947	3466
7947	3467
7947	3468
7947	3469
7947	3470
7947	3471
7947	3472
7947	3473
7947	3474
7947	3475
7947	3476
7947	3477
7947	3478
7947	3479
7947	3480
7947	3481
7947	3482
7947	3483
7947	3484
7947	3485
7947	3486
7947	3487
7947	3488
7947	3489
7947	3490
7947	3491
7947	3492
7947	3493
7947	3494
7947	3495
7947	3496
7947	3497
7947	3498
7947	3499
7947	3500
7947	3501
7947	3502
7947	3503
7947	3504
7947	3505
7947	3506
7947	3507
7947	3508
7947	3509
7947	3510
7947	3511
7947	3512
7947	3513
7947	3514
7947	3515
7947	3516
7947	3517
7947	3518
7947	3519
7947	3520
7947	3521
7947	3522
7947	3523
7947	3524
7947	3525
7947	3526
7947	3527
7947	3528
7947	3529
7947	3530
7947	3531
7947	3532
7947	3533
7947	3534
7947	3535
7947	3536
7947	3537
7947	3538
7947	3539
7947	3540
7947	3541
7947	3542
7947	3543
7947	3544
7947	3545
7947	3546
7947	3547
7947	3548
7947	3549
7947	3550
7947	3551
7947	3552
7947	3553
7947	3554
7947	3555
7947	3556
7947	3557
7947	3558
7947	3559
7947	3560
7947	3561
7947	3562
7947	3563
7947	3564
7947	3565
7947	3566
7947	3567
7947	3568
7947	3569
7947	3570
7947	3571
7947	3572
7947	3573
7947	3574
7947	3575
7947	3576
7947	3577
7947	3578
7947	3579
7947	3580
7947	3581
7947	3582
7947	3583
7947	3584
7947	3585
7947	3586
7947	3587
7947	3588
7947	3589
7947	3590
7947	3591
7947	3592
7947	3593
7947	3594
7947	3595
7947	3596
7947	3597
7947	3598
7947	3599
7947	3600
7947	3601
7947	3602
7947	3603
7947	3604
7947	3605
7947	3606
7947	3607
7947	3608
7947	3609
7947	3610
7947	3611
7947	3612
7947	3613
7947	3614
7947	3615
7947	3616
7947	3617
7947	3618
7947	3619
7947	3620
7947	3621
7947	3622
7947	3623
7947	3624
7947	3625
7947	3626
7947	3627
7947	3628
7947	3629
7947	3630
7947	3631
7947	3632
7947	3633
7947	3634
7947	3635
7947	3636
7947	3637
7947	3638
7947	3639
7947	3640
7947	3641
7947	3642
7947	3643
7947	3644
7947	3645
7947	3646
7947	3647
7947	3648
7947	3649
7947	3650
7947	3651
7947	3652
7947	3653
7947	3654
7947	3655
7947	3656
7947	3657
7947	3658
7947	3659
7947	3660
7947	3661
7947	3662
7947	3663
7947	3664
7947	3665
7947	3666
7947	3667
7947	3668
7947	3669
7947	3670
7947	3671
7947	3672
7947	3673
7947	3674
7947	3675
7947	3676
7947	3677
7947	3678
7947	3679
7947	3680
7947	3681
7947	3682
7947	3683
7947	3684
7947	3685
7947	3686
7947	3687
7947	3688
7947	3689
7947	3690
7947	3691
7947	3692
7947	3693
7947	3694
7947	3695
7947	3696
7947	3697
7947	3698
7947	3699
7947	3700
7947	3701
7947	3702
7947	3703
7947	3704
7947	3705
7947	3706
7947	3707
7947	3708
7947	3709
7947	3710
7947	3711
7947	3712
7947	3713
7947	3714
7947	3715
7947	3716
7947	3717
7947	3718
7947	3719
7947	3720
7947	3721
7947	3722
7947	3723
7947	3724
7947	3725
7947	3726
7947	3727
7947	3728
7947	3729
7947	3730
7947	3731
7947	3732
7947	3733
7947	3734
7947	3735
7947	3736
7947	3737
7947	3738
7947	3739
7947	3740
7947	3741
7947	3742
7947	3743
7947	3744
7947	3745
7947	3746
7947	3747
7947	3748
7947	3749
7947	3750
7947	3751
7947	3752
7947	3753
7947	3754
7947	3755
7947	3756
7947	3757
7947	3758
7947	3759
7947	3760
7947	3761
7947	3762
7947	3763
7947	3764
7947	3765
7947	3766
7947	3767
7947	3768
7947	3769
7947	3770
7947	3771
7947	3772
7947	3773
7947	3774
7947	3775
7947	3776
7947	3777
7947	3778
7947	3779
7947	3780
7947	3781
7947	3782
7947	3783
7947	3784
7947	3785
7947	3786
7947	3787
7947	3788
7947	3789
7947	3790
7947	3791
7947	3792
7947	3793
7947	3794
7947	3795
7947	3796
7947	3797
7947	3798
7947	3799
7947	3800
7947	3801
7947	3802
7947	3803
7947	3804
7947	3805
7947	3806
7947	3807
7947	3808
7947	3809
7947	3810
7947	3811
7947	3812
7947	3813
7947	3814
7947	3815
7947	3816
7947	3817
7947	3818
7947	3819
7947	3820
7947	3821
7947	3822
7947	3823
7947	3824
7947	3825
7947	3826
7947	3827
7947	3828
7947	3829
7947	3830
7947	3831
7947	3832
7947	3833
7947	3834
7947	3835
7947	3836
7947	3837
7947	3838
7947	3839
7947	3840
7947	3841
7947	3842
7947	3843
7947	3844
7947	3845
7947	3846
7947	3847
7947	3848
7947	3849
7947	3850
7947	3851
7947	3852
7947	3853
7947	3854
7947	3855
7947	3856
7947	3857
7947	3858
7947	3859
7947	3860
7947	3861
7947	3862
7947	3863
7947	3864
7947	3865
7947	3866
7947	3867
7947	3868
7947	3869
7947	3870
7947	3871
7947	3872
7947	3873
7947	3874
7947	3875
7947	3876
7947	3877
7947	3878
7947	3879
7947	3880
7947	3881
7947	3882
7947	3883
7947	3884
7947	3885
7947	3886
7947	3887
7947	3888
7947	3889
7947	3890
7947	3891
7947	3892
7947	3893
7947	3894
7947	3895
7947	3896
7947	3897
7947	3898
7947	3899
7947	3900
7947	3901
7947	3902
7947	3903
7947	3904
7947	3905
7947	3906
7947	3907
7947	3908
7947	3909
7947	3910
7947	3911
7947	3912
7947	3913
7947	3914
7947	3915
7947	3916
7947	3917
7947	3918
7947	3919
7947	3920
7947	3921
7947	3922
7947	3923
7947	3924
7947	3925
7947	3926
7947	3927
7947	3928
7947	3929
7947	3930
7947	3931
7947	3932
7947	3933
7947	3934
7947	3935
7947	3936
7947	3937
7947	3938
7947	3939
7947	3940
7947	3941
7947	3942
7947	3943
7947	3944
7947	3945
7947	3946
7947	3947
7947	3948
7947	3949
7947	3950
7947	3951
7947	3952
7947	3953
7947	3954
7947	3955
7947	3956
7947	3957
7947	3958
7947	3959
7947	3960
7947	3961
7947	3962
7947	3963
7947	3964
7947	3965
7947	3966
7947	3967
7947	3968
7947	3969
7947	3970
7947	3971
7947	3972
7947	3973
7947	3974
7947	3975
7947	3976
7947	3977
7947	3978
7947	3979
7947	3980
7947	3981
7947	3982
7947	3983
7947	3984
7947	3985
7947	3986
7947	3987
7947	3988
7947	3989
7947	3990
7947	3991
7947	3992
7947	3993
7947	3994
7947	3995
7947	3996
7947	3997
7947	3998
7947	3999
7947	4000
7947	4001
7947	4002
7947	4003
7947	4004
7947	4005
7947	4006
7947	4007
7947	4008
7947	4009
7947	4010
7947	4011
7947	4012
7947	4013
7947	4014
7947	4015
7947	4016
7947	4017
7947	4018
7947	4019
7947	4020
7947	4021
7947	4022
7947	4023
7947	4024
7947	4025
7947	4026
7947	4027
7947	4028
7947	4029
7947	4030
7947	4031
7947	4032
7947	4033
7947	4034
7947	4035
7947	4036
7947	4037
7947	4038
7947	4039
7947	4040
7947	4041
7947	4042
7947	4043
7947	4044
7947	4045
7947	4046
7947	4047
7947	4048
7947	4049
7947	4050
7947	4051
7947	4052
7947	4053
7947	4054
7947	4055
7947	4056
7947	4057
7947	4058
7947	4059
7947	4060
7947	4061
7947	4062
7947	4063
7947	4064
7947	4065
7947	4066
7947	4067
7947	4068
7947	4069
7947	4070
7947	4071
7947	4072
7947	4073
7947	4074
7947	4075
7947	4076
7947	4077
7947	4078
7947	4079
7947	4080
7947	4081
7947	4082
7947	4083
7947	4084
7947	4085
7947	4086
7947	4087
7947	4088
7947	4089
7947	4090
7947	4091
7947	4092
7947	4093
7947	4094
7947	4095
7947	4096
7947	4097
7947	4098
7947	4099
7947	4100
7947	4101
7947	4102
7947	4103
7947	4104
7947	4105
7947	4106
7947	4107
7947	4108
7947	4109
7947	4110
7947	4111
7947	4112
7947	4113
7947	4114
7947	4115
7947	4116
7947	4117
7947	4118
7947	4119
7947	4120
7947	4121
7947	4122
7947	4123
7947	4124
7947	4125
7947	4126
7947	4127
7947	4128
7947	4129
7947	4130
7947	4131
7947	4132
7947	4133
7947	4134
7947	4135
7947	4136
7947	4137
7947	4138
7947	4139
7947	4140
7947	4141
7947	4142
7947	4143
7947	4144
7947	4145
7947	4146
7947	4147
7947	4148
7947	4149
7947	4150
7947	4151
7947	4152
7947	4153
7947	4154
7947	4155
7947	4156
7947	4157
7947	4158
7947	4159
7947	4160
7947	4161
7947	4162
7947	4163
7947	4164
7947	4165
7947	4166
7947	4167
7947	4168
7947	4169
7947	4170
7947	4171
7947	4172
7947	4173
7947	4174
7947	4175
7947	4176
7947	4177
7947	4178
7947	4179
7947	4180
7947	4181
7947	4182
7947	4183
7947	4184
7947	4185
7947	4186
7947	4187
7947	4188
7947	4189
7947	4190
7947	4191
7947	4192
7947	4193
7947	4194
7947	4195
7947	4196
7947	4197
7947	4198
7947	4199
7947	4200
7947	4201
7947	4202
7947	4203
7947	4204
7947	4205
7947	4206
7947	4207
7947	4208
7947	4209
7947	4210
7947	4211
7947	4212
7947	4213
7947	4214
7947	4215
7947	4216
7947	4217
7947	4218
7947	4219
7947	4220
7947	4221
7947	4222
7947	4223
7947	4224
7947	4225
7947	4226
7947	4227
7947	4228
7947	4229
7947	4230
7947	4231
7947	4232
7947	4233
7947	4234
7947	4235
7947	4236
7947	4237
7947	4238
7947	4239
7947	4240
7947	4241
7947	4242
7947	4243
7947	4244
7947	4245
7947	4246
7947	4247
7947	4248
7947	4249
7947	4250
7947	4251
7947	4252
7947	4253
7947	4254
7947	4255
7947	4256
7947	4257
7947	4258
7947	4259
7947	4260
7947	4261
7947	4262
7947	4263
7947	4264
7947	4265
7947	4266
7947	4267
7947	4268
7947	4269
7947	4270
7947	4271
7947	4272
7947	4273
7947	4274
7947	4275
7947	4276
7947	4277
7947	4278
7947	4279
7947	4280
7947	4281
7947	4282
7947	4283
7947	4284
7947	4285
7947	4286
7947	4287
7947	4288
7947	4289
7947	4290
7947	4291
7947	4292
7947	4293
7947	4294
7947	4295
7947	4296
7947	4297
7947	4298
7947	4299
7947	4300
7947	4301
7947	4302
7947	4303
7947	4304
7947	4305
7947	4306
7947	4307
7947	4308
7947	4309
7947	4310
7947	4311
7947	4312
7947	4313
7947	4314
7947	4315
7947	4316
7947	4317
7947	4318
7947	4319
7947	4320
7947	4321
7947	4322
7947	4323
7947	4324
7947	4325
7947	4326
7947	4327
7947	4328
7947	4329
7947	4330
7947	4331
7947	4332
7947	4333
7947	4334
7947	4335
7947	4336
7947	4337
7947	4338
7947	4339
7947	4340
7947	4341
7947	4342
7947	4343
7947	4344
7947	4345
7947	4346
7947	4347
7947	4348
7947	4349
7947	4350
7947	4351
7947	4352
7947	4353
7947	4354
7947	4355
7947	4356
7947	4357
7947	4358
7947	4359
7947	4360
7947	4361
7947	4362
7947	4363
7947	4364
7947	4365
7947	4366
7947	4367
7947	4368
7947	4369
7947	4370
7947	4371
7947	4372
7947	4373
7947	4374
7947	4375
7947	4376
7947	4377
7947	4378
7947	4379
7947	4380
7947	4381
7947	4382
7947	4383
7947	4384
7947	4385
7947	4386
7947	4387
7947	4388
7947	4389
7947	4390
7947	4391
7947	4392
7947	4393
7947	4394
7947	4395
7947	4396
7947	4397
7947	4398
7947	4399
7947	4400
7947	4401
7947	4402
7947	4403
7947	4404
7947	4405
7947	4406
7947	4407
7947	4408
7947	4409
7947	4410
7947	4411
7947	4412
7947	4413
7947	4414
7947	4415
7947	4416
7947	4417
7947	4418
7947	4419
7947	4420
7947	4421
7947	4422
7947	4423
7947	4424
7947	4425
7947	4426
7947	4427
7947	4428
7947	4429
7947	4430
7947	4431
7947	4432
7947	4433
7947	4434
7947	4435
7947	4436
7947	4437
7947	4438
7947	4439
7947	4440
7947	4441
7947	4442
7947	4443
7947	4444
7947	4445
7947	4446
7947	4447
7947	4448
7947	4449
7947	4450
7947	4451
7947	4452
7947	4453
7947	4454
7947	4455
7947	4456
7947	4457
7947	4458
7947	4459
7947	4460
7947	4461
7947	4462
7947	4463
7947	4464
7947	4465
7947	4466
7947	4467
7947	4468
7947	4469
7947	4470
7947	4471
7947	4472
7947	4473
7947	4474
7947	4475
7947	4476
7947	4477
7947	4478
7947	4479
7947	4480
7947	4481
7947	4482
7947	4483
7947	4484
7947	4485
7947	4486
7947	4487
7947	4488
7947	4489
7947	4490
7947	4491
7947	4492
7947	4493
7947	4494
7947	4495
7947	4496
7947	4497
7947	4498
7947	4499
7947	4500
7947	4501
7947	4502
7947	4503
7947	4504
7947	4505
7947	4506
7947	4507
7947	4508
7947	4509
7947	4510
7947	4511
7947	4512
7947	4513
7947	4514
7947	4515
7947	4516
7947	4517
7947	4518
7947	4519
7947	4520
7947	4521
7947	4522
7947	4523
7947	4524
7947	4525
7947	4526
7947	4527
7947	4528
7947	4529
7947	4530
7947	4531
7947	4532
7947	4533
7947	4534
7947	4535
7947	4536
7947	4537
7947	4538
7947	4539
7947	4540
7947	4541
7947	4542
7947	4543
7947	4544
7947	4545
7947	4546
7947	4547
7947	4548
7947	4549
7947	4550
7947	4551
7947	4552
7947	4553
7947	4554
7947	4555
7947	4556
7947	4557
7947	4558
7947	4559
7947	4560
7947	4561
7947	4562
7947	4563
7947	4564
7947	4565
7947	4566
7947	4567
7947	4568
7947	4569
7947	4570
7947	4571
7947	4572
7947	4573
7947	4574
7947	4575
7947	4576
7947	4577
7947	4578
7947	4579
7947	4580
7947	4581
7947	4582
7947	4583
7947	4584
7947	4585
7947	4586
7947	4587
7947	4588
7947	4589
7947	4590
7947	4591
7947	4592
7947	4593
7947	4594
7947	4595
7947	4596
7947	4597
7947	4598
7947	4599
7947	4600
7947	4601
7947	4602
7947	4603
7947	4604
7947	4605
7947	4606
7947	4607
7947	4608
7947	4609
7947	4610
7947	4611
7947	4612
7947	4613
7947	4614
7947	4615
7947	4616
7947	4617
7947	4618
7947	4619
7947	4620
7947	4621
7947	4622
7947	4623
7947	4624
7947	4625
7947	4626
7947	4627
7947	4628
7947	4629
7947	4630
7947	4631
7947	4632
7947	4633
7947	4634
7947	4635
7947	4636
7947	4637
7947	4638
7947	4639
7947	4640
7947	4641
7947	4642
7947	4643
7947	4644
7947	4645
7947	4646
7947	4647
7947	4648
7947	4649
7947	4650
7947	4651
7947	4652
7947	4653
7947	4654
7947	4655
7947	4656
7947	4657
7947	4658
7947	4659
7947	4660
7947	4661
7947	4662
7947	4663
7947	4664
7947	4665
7947	4666
7947	4667
7947	4668
7947	4669
7947	4670
7947	4671
7947	4672
7947	4673
7947	4674
7947	4675
7947	4676
7947	4677
7947	4678
7947	4679
7947	4680
7947	4681
7947	4682
7947	4683
7947	4684
7947	4685
7947	4686
7947	4687
7947	4688
7947	4689
7947	4690
7947	4691
7947	4692
7947	4693
7947	4694
7947	4695
7947	4696
7947	4697
7947	4698
7947	4699
7947	4700
7947	4701
7947	4702
7947	4703
7947	4704
7947	4705
7947	4706
7947	4707
7947	4708
7947	4709
7947	4710
7947	4711
7947	4712
7947	4713
7947	4714
7947	4715
7947	4716
7947	4717
7947	4718
7947	4719
7947	4720
7947	4721
7947	4722
7947	4723
7947	4724
7947	4725
7947	4726
7947	4727
7947	4728
7947	4729
7947	4730
7947	4731
7947	4732
7947	4733
7947	4734
7947	4735
7947	4736
7947	4737
7947	4738
7947	4739
7947	4740
7947	4741
7947	4742
7947	4743
7947	4744
7947	4745
7947	4746
7947	4747
7947	4748
7947	4749
7947	4750
7947	4751
7947	4752
7947	4753
7947	4754
7947	4755
7947	4756
7947	4757
7947	4758
7947	4759
7947	4760
7947	4761
7947	4762
7947	4763
7947	4764
7947	4765
7947	4766
7947	4767
7947	4768
7947	4769
7947	4770
7947	4771
7947	4772
7947	4773
7947	4774
7947	4775
7947	4776
7947	4777
7947	4778
7947	4779
7947	4780
7947	4781
7947	4782
7947	4783
7947	4784
7947	4785
7947	4786
7947	4787
7947	4788
7947	4789
7947	4790
7947	4791
7947	4792
7947	4793
7947	4794
7947	4795
7947	4796
7947	4797
7947	4798
7947	4799
7947	4800
7947	4801
7947	4802
7947	4803
7947	4804
7947	4805
7947	4806
7947	4807
7947	4808
7947	4809
7947	4810
7947	4811
7947	4812
7947	4813
7947	4814
7947	4815
7947	4816
7947	4817
7947	4818
7947	4819
7947	4820
7947	4821
7947	4822
7947	4823
7947	4824
7947	4825
7947	4826
7947	4827
7947	4828
7947	4829
7947	4830
7947	4831
7947	4832
7947	4833
7947	4834
7947	4835
7947	4836
7947	4837
7947	4838
7947	4839
7947	4840
7947	4841
7947	4842
7947	4843
7947	4844
7947	4845
7947	4846
7947	4847
7947	4848
7947	4849
7947	4850
7947	4851
7947	4852
7947	4853
7947	4854
7947	4855
7947	4856
7947	4857
7947	4858
7947	4859
7947	4860
7947	4861
7947	4862
7947	4863
7947	4864
7947	4865
7947	4866
7947	4867
7947	4868
7947	4869
7947	4870
7947	4871
7947	4872
7947	4873
7947	4874
7947	4875
7947	4876
7947	4877
7947	4878
7947	4879
7947	4880
7947	4881
7947	4882
7947	4883
7947	4884
7947	4885
7947	4886
7947	4887
7947	4888
7947	4889
7947	4890
7947	4891
7947	4892
7947	4893
7947	4894
7947	4895
7947	4896
7947	4897
7947	4898
7947	4899
7947	4900
7947	4901
7947	4902
7947	4903
7947	4904
7947	4905
7947	4906
7947	4907
7947	4908
7947	4909
7947	4910
7947	4911
7947	4912
7947	4913
7947	4914
7947	4915
7947	4916
7947	4917
7947	4918
7947	4919
7947	4920
7947	4921
7947	4922
7947	4923
7947	4924
7947	4925
7947	4926
7947	4927
7947	4928
7947	4929
7947	4930
7947	4931
7947	4932
7947	4933
7947	4934
7947	4935
7947	4936
7947	4937
7947	4938
7947	4939
7947	4940
7947	4941
7947	4942
7947	4943
7947	4944
7947	4945
7947	4946
7947	4947
7947	4948
7947	4949
7947	4950
7947	4951
7947	4952
7947	4953
7947	4954
7947	4955
7947	4956
7947	4957
7947	4958
7947	4959
7947	4960
7947	4961
7947	4962
7947	4963
7947	4964
7947	4965
7947	4966
7947	4967
7947	4968
7947	4969
7947	4970
7947	4971
7947	4972
7947	4973
7947	4974
7947	4975
7947	4976
7947	4977
7947	4978
7947	4979
7947	4980
7947	4981
7947	4982
7947	4983
7947	4984
7947	4985
7947	4986
7947	4987
7947	4988
7947	4989
7947	4990
7947	4991
7947	4992
7947	4993
7947	4994
7947	4995
7947	4996
7947	4997
7947	4998
7947	4999
7947	5000
7947	5001
7947	5002
7947	5003
7947	5004
7947	5005
7947	5006
7947	5007
7947	5008
7947	5009
7947	5010
7947	5011
7947	5012
7947	5013
7947	5014
7947	5015
7947	5016
7947	5017
7947	5018
7947	5019
7947	5020
7947	5021
7947	5022
7947	5023
7947	5024
7947	5025
7947	5026
7947	5027
7947	5028
7947	5029
7947	5030
7947	5031
7947	5032
7947	5033
7947	5034
7947	5035
7947	5036
7947	5037
7947	5038
7947	5039
7947	5040
7947	5041
7947	5042
7947	5043
7947	5044
7947	5045
7947	5046
7947	5047
7947	5048
7947	5049
7947	5050
7947	5051
7947	5052
7947	5053
7947	5054
7947	5055
7947	5056
7947	5057
7947	5058
7947	5059
7947	5060
7947	5061
7947	5062
7947	5063
7947	5064
7947	5065
7947	5066
7947	5067
7947	5068
7947	5069
7947	5070
7947	5071
7947	5072
7947	5073
7947	5074
7947	5075
7947	5076
7947	5077
7947	5078
7947	5079
7947	5080
7947	5081
7947	5082
7947	5083
7947	5084
7947	5085
7947	5086
7947	5087
7947	5088
7947	5089
7947	5090
7947	5091
7947	5092
7947	5093
7947	5094
7947	5095
7947	5096
7947	5097
7947	5098
7947	5099
7947	5100
7947	5101
7947	5102
7947	5103
7947	5104
7947	5105
7947	5106
7947	5107
7947	5108
7947	5109
7947	5110
7947	5111
7947	5112
7947	5113
7947	5114
7947	5115
7947	5116
7947	5117
7947	5118
7947	5119
7947	5120
7947	5121
7947	5122
7947	5123
7947	5124
7947	5125
7947	5126
7947	5127
7947	5128
7947	5129
7947	5130
7947	5131
7947	5132
7947	5133
7947	5134
7947	5135
7947	5136
7947	5137
7947	5138
7947	5139
7947	5140
7947	5141
7947	5142
7947	5143
7947	5144
7947	5145
7947	5146
7947	5147
7947	5148
7947	5149
7947	5150
7947	5151
7947	5152
7947	5153
7947	5154
7947	5155
7947	5156
7947	5157
7947	5158
7947	5159
7947	5160
7947	5161
7947	5162
7947	5163
7947	5164
7947	5165
7947	5166
7947	5167
7947	5168
7947	5169
7947	5170
7947	5171
7947	5172
7947	5173
7947	5174
7947	5175
7947	5176
7947	5177
7947	5178
7947	5179
7947	5180
7947	5181
7947	5182
7947	5183
7947	5184
7947	5185
7947	5186
7947	5187
7947	5188
7947	5189
7947	5190
7947	5191
7947	5192
7947	5193
7947	5194
7947	5195
7947	5196
7947	5197
7947	5198
7947	5199
7947	5200
7947	5201
7947	5202
7947	5203
7947	5204
7947	5205
7947	5206
7947	5207
7947	5208
7947	5209
7947	5210
7947	5211
7947	5212
7947	5213
7947	5214
7947	5215
7947	5216
7947	5217
7947	5218
7947	5219
7947	5220
7947	5221
7947	5222
7947	5223
7947	5224
7947	5225
7947	5226
7947	5227
7947	5228
7947	5229
7947	5230
7947	5231
7947	5232
7947	5233
7947	5234
7947	5235
7947	5236
7947	5237
7947	5238
7947	5239
7947	5240
7947	5241
7947	5242
7947	5243
7947	5244
7947	5245
7947	5246
7947	5247
7947	5248
7947	5249
7947	5250
7947	5251
7947	5252
7947	5253
7947	5254
7947	5255
7947	5256
7947	5257
7947	5258
7947	5259
7947	5260
7947	5261
7947	5262
7947	5263
7947	5264
7947	5265
7947	5266
7947	5267
7947	5268
7947	5269
7947	5270
7947	5271
7947	5272
7947	5273
7947	5274
7947	5275
7947	5276
7947	5277
7947	5278
7947	5279
7947	5280
7947	5281
7947	5282
7947	5283
7947	5284
7947	5285
7947	5286
7947	5287
7947	5288
7947	5289
7947	5290
7947	5291
7947	5292
7947	5293
7947	5294
7947	5295
7947	5296
7947	5297
7947	5298
7947	5299
7947	5300
7947	5301
7947	5302
7947	5303
7947	5304
7947	5305
7947	5306
7947	5307
7947	5308
7947	5309
7947	5310
7947	5311
7947	5312
7947	5313
7947	5314
7947	5315
7947	5316
7947	5317
7947	5318
7947	5319
7947	5320
7947	5321
7947	5322
7947	5323
7947	5324
7947	5325
7947	5326
7947	5327
7947	5328
7947	5329
7947	5330
7947	5331
7947	5332
7947	5333
7947	5334
7947	5335
7947	5336
7947	5337
7947	5338
7947	5339
7947	5340
7947	5341
7947	5342
7947	5343
7947	5344
7947	5345
7947	5346
7947	5347
7947	5348
7947	5349
7947	5350
7947	5351
7947	5352
7947	5353
7947	5354
7947	5355
7947	5356
7947	5357
7947	5358
7947	5359
7947	5360
7947	5361
7947	5362
7947	5363
7947	5364
7947	5365
7947	5366
7947	5367
7947	5368
7947	5369
7947	5370
7947	5371
7947	5372
7947	5373
7947	5374
7947	5375
7947	5376
7947	5377
7947	5378
7947	5379
7947	5380
7947	5381
7947	5382
7947	5383
7947	5384
7947	5385
7947	5386
7947	5387
7947	5388
7947	5389
7947	5390
7947	5391
7947	5392
7947	5393
7947	5394
7947	5395
7947	5396
7947	5397
7947	5398
7947	5399
7947	5400
7947	5401
7947	5402
7947	5403
7947	5404
7947	5405
7947	5406
7947	5407
7947	5408
7947	5409
7947	5410
7947	5411
7947	5412
7947	5413
7947	5414
7947	5415
7947	5416
7947	5417
7947	5418
7947	5419
7947	5420
7947	5421
7947	5422
7947	5423
7947	5424
7947	5425
7947	5426
7947	5427
7947	5428
7947	5429
7947	5430
7947	5431
7947	5432
7947	5433
7947	5434
7947	5435
7947	5436
7947	5437
7947	5438
7947	5439
7947	5440
7947	5441
7947	5442
7947	5443
7947	5444
7947	5445
7947	5446
7947	5447
7947	5448
7947	5449
7947	5450
7947	5451
7947	5452
7947	5453
7947	5454
7947	5455
7947	5456
7947	5457
7947	5458
7947	5459
7947	5460
7947	5461
7947	5462
7947	5463
7947	5464
7947	5465
7947	5466
7947	5467
7947	5468
7947	5469
7947	5470
7947	5471
7947	5472
7947	5473
7947	5474
7947	5475
7947	5476
7947	5477
7947	5478
7947	5479
7947	5480
7947	5481
7947	5482
7947	5483
7947	5484
7947	5485
7947	5486
7947	5487
7947	5488
7947	5489
7947	5490
7947	5491
7947	5492
7947	5493
7947	5494
7947	5495
7947	5496
7947	5497
7947	5498
7947	5499
7947	5500
7947	5501
7947	5502
7947	5503
7947	5504
7947	5505
7947	5506
7947	5507
7947	5508
7947	5509
7947	5510
7947	5511
7947	5512
7947	5513
7947	5514
7947	5515
7947	5516
7947	5517
7947	5518
7947	5519
7947	5520
7947	5521
7947	5522
7947	5523
7947	5524
7947	5525
7947	5526
7947	5527
7947	5528
7947	5529
7947	5530
7947	5531
7947	5532
7947	5533
7947	5534
7947	5535
7947	5536
7947	5537
7947	5538
7947	5539
7947	5540
7947	5541
7947	5542
7947	5543
7947	5544
7947	5545
7947	5546
7947	5547
7947	5548
7947	5549
7947	5550
7947	5551
7947	5552
7947	5553
7947	5554
7947	5555
7947	5556
7947	5557
7947	5558
7947	5559
7947	5560
7947	5561
7947	5562
7947	5563
7947	5564
7947	5565
7947	5566
7947	5567
7947	5568
7947	5569
7947	5570
7947	5571
7947	5572
7947	5573
7947	5574
7947	5575
7947	5576
7947	5577
7947	5578
7947	5579
7947	5580
7947	5581
7947	5582
7947	5583
7947	5584
7947	5585
7947	5586
7947	5587
7947	5588
7947	5589
7947	5590
7947	5591
7947	5592
7947	5593
7947	5594
7947	5595
7947	5596
7947	5597
7947	5598
7947	5599
7947	5600
7947	5601
7947	5602
7947	5603
7947	5604
7947	5605
7947	5606
7947	5607
7947	5608
7947	5609
7947	5610
7947	5611
7947	5612
7947	5613
7947	5614
7947	5615
7947	5616
7947	5617
7947	5618
7947	5619
7947	5620
7947	5621
7947	5622
7947	5623
7947	5624
7947	5625
7947	5626
7947	5627
7947	5628
7947	5629
7947	5630
7947	5631
7947	5632
7947	5633
7947	5634
7947	5635
7947	5636
7947	5637
7947	5638
7947	5639
7947	5640
7947	5641
7947	5642
7947	5643
7947	5644
7947	5645
7947	5646
7947	5647
7947	5648
7947	5649
7947	5650
7947	5651
7947	5652
7947	5653
7947	5654
7947	5655
7947	5656
7947	5657
7947	5658
7947	5659
7947	5660
7947	5661
7947	5662
7947	5663
7947	5664
7947	5665
7947	5666
7947	5667
7947	5668
7947	5669
7947	5670
7947	5671
7947	5672
7947	5673
7947	5674
7947	5675
7947	5676
7947	5677
7947	5678
7947	5679
7947	5680
7947	5681
7947	5682
7947	5683
7947	5684
7947	5685
7947	5686
7947	5687
7947	5688
7947	5689
7947	5690
7947	5691
7947	5692
7947	5693
7947	5694
7947	5695
7947	5696
7947	5697
7947	5698
7947	5699
7947	5700
7947	5701
7947	5702
7947	5703
7947	5704
7947	5705
7947	5706
7947	5707
7947	5708
7947	5709
7947	5710
7947	5711
7947	5712
7947	5713
7947	5714
7947	5715
7947	5716
7947	5717
7947	5718
7947	5719
7947	5720
7947	5721
7947	5722
7947	5723
7947	5724
7947	5725
7947	5726
7947	5727
7947	5728
7947	5729
7947	5730
7947	5731
7947	5732
7947	5733
7947	5734
7947	5735
7947	5736
7947	5737
7947	5738
7947	5739
7947	5740
7947	5741
7947	5742
7947	5743
7947	5744
7947	5745
7947	5746
7947	5747
7947	5748
7947	5749
7947	5750
7947	5751
7947	5752
7947	5753
7947	5754
7947	5755
7947	5756
7947	5757
7947	5758
7947	5759
7947	5760
7947	5761
7947	5762
7947	5763
7947	5764
7947	5765
7947	5766
7947	5767
7947	5768
7947	5769
7947	5770
7947	5771
7947	5772
7947	5773
7947	5774
7947	5775
7947	5776
7947	5777
7947	5778
7947	5779
7947	5780
7947	5781
7947	5782
7947	5783
7947	5784
7947	5785
7947	5786
7947	5787
7947	5788
7947	5789
7947	5790
7947	5791
7947	5792
7947	5793
7947	5794
7947	5795
7947	5796
7947	5797
7947	5798
7947	5799
7947	5800
7947	5801
7947	5802
7947	5803
7947	5804
7947	5805
7947	5806
7947	5807
7947	5808
7947	5809
7947	5810
7947	5811
7947	5812
7947	5813
7947	5814
7947	5815
7947	5816
7947	5817
7947	5818
7947	5819
7947	5820
7947	5821
7947	5822
7947	5823
7947	5824
7947	5825
7947	5826
7947	5827
7947	5828
7947	5829
7947	5830
7947	5831
7947	5832
7947	5833
7947	5834
7947	5835
7947	5836
7947	5837
7947	5838
7947	5839
7947	5840
7947	5841
7947	5842
7947	5843
7947	5844
7947	5845
7947	5846
7947	5847
7947	5848
7947	5849
7947	5850
7947	5851
7947	5852
7947	5853
7947	5854
7947	5855
7947	5856
7947	5857
7947	5858
7947	5859
7947	5860
7947	5861
7947	5862
7947	5863
7947	5864
7947	5865
7947	5866
7947	5867
7947	5868
7947	5869
7947	5870
7947	5871
7947	5872
7947	5873
7947	5874
7947	5875
7947	5876
7947	5877
7947	5878
7947	5879
7947	5880
7947	5881
7947	5882
7947	5883
7947	5884
7947	5885
7947	5886
7947	5887
7947	5888
7947	5889
7947	5890
7947	5891
7947	5892
7947	5893
7947	5894
7947	5895
7947	5896
7947	5897
7947	5898
7947	5899
7947	5900
7947	5901
7947	5902
7947	5903
7947	5904
7947	5905
7947	5906
7947	5907
7947	5908
7947	5909
7947	5910
7947	5911
7947	5912
7947	5913
7947	5914
7947	5915
7947	5916
7947	5917
7947	5918
7947	5919
7947	5920
7947	5921
7947	5922
7947	5923
7947	5924
7947	5925
7947	5926
7947	5927
7947	5928
7947	5929
7947	5930
7947	5931
7947	5932
7947	5933
7947	5934
7947	5935
7947	5936
7947	5937
7947	5938
7947	5939
7947	5940
7947	5941
7947	5942
7947	5943
7947	5944
7947	5945
7947	5946
7947	5947
7947	5948
7947	5949
7947	5950
7947	5951
7947	5952
7947	5953
7947	5954
7947	5955
7947	5956
7947	5957
7947	5958
7947	5959
7947	5960
7947	5961
7947	5962
7947	5963
7947	5964
7947	5965
7947	5966
7947	5967
7947	5968
7947	5969
7947	5970
7947	5971
7947	5972
7947	5973
7947	5974
7947	5975
7947	5976
7947	5977
7947	5978
7947	5979
7947	5980
7947	5981
7947	5982
7947	5983
7947	5984
7947	5985
7947	5986
7947	5987
7947	5988
7947	5989
7947	5990
7947	5991
7947	5992
7947	5993
7947	5994
7947	5995
7947	5996
7947	5997
7947	5998
7947	5999
7947	6000
7947	6001
7947	6002
7947	6003
7947	6004
7947	6005
7947	6006
7947	6007
7947	6008
7947	6009
7947	6010
7947	6011
7947	6012
7947	6013
7947	6014
7947	6015
7947	6016
7947	6017
7947	6018
7947	6019
7947	6020
7947	6021
7947	6022
7947	6023
7947	6024
7947	6025
7947	6026
7947	6027
7947	6028
7947	6029
7947	6030
7947	6031
7947	6032
7947	6033
7947	6034
7947	6035
7947	6036
7947	6037
7947	6038
7947	6039
7947	6040
7947	6041
7947	6042
7947	6043
7947	6044
7947	6045
7947	6046
7947	6047
7947	6048
7947	6049
7947	6050
7947	6051
7947	6052
7947	6053
7947	6054
7947	6055
7947	6056
7947	6057
7947	6058
7947	6059
7947	6060
7947	6061
7947	6062
7947	6063
7947	6064
7947	6065
7947	6066
7947	6067
7947	6068
7947	6069
7947	6070
7947	6071
7947	6072
7947	6073
7947	6074
7947	6075
7947	6076
7947	6077
7947	6078
7947	6079
7947	6080
7947	6081
7947	6082
7947	6083
7947	6084
7947	6085
7947	6086
7947	6087
7947	6088
7947	6089
7947	6090
7947	6091
7947	6092
7947	6093
7947	6094
7947	6095
7947	6096
7947	6097
7947	6098
7947	6099
7947	6100
7947	6101
7947	6102
7947	6103
7947	6104
7947	6105
7947	6106
7947	6107
7947	6108
7947	6109
7947	6110
7947	6111
7947	6112
7947	6113
7947	6114
7947	6115
7947	6116
7947	6117
7947	6118
7947	6119
7947	6120
7947	6121
7947	6122
7947	6123
7947	6124
7947	6125
7947	6126
7947	6127
7947	6128
7947	6129
7947	6130
7947	6131
7947	6132
7947	6133
7947	6134
7947	6135
7947	6136
7947	6137
7947	6138
7947	6139
7947	6140
7947	6141
7947	6142
7947	6143
7947	6144
7947	6145
7947	6146
7947	6147
7947	6148
7947	6149
7947	6150
7947	6151
7947	6152
7947	6153
7947	6154
7947	6155
7947	6156
7947	6157
7947	6158
7947	6159
7947	6160
7947	6161
7947	6162
7947	6163
7947	6164
7947	6165
7947	6166
7947	6167
7947	6168
7947	6169
7947	6170
7947	6171
7947	6172
7947	6173
7947	6174
7947	6175
7947	6176
7947	6177
7947	6178
7947	6179
7947	6180
7947	6181
7947	6182
7947	6183
7947	6184
7947	6185
7947	6186
7947	6187
7947	6188
7947	6189
7947	6190
7947	6191
7947	6192
7947	6193
7947	6194
7947	6195
7947	6196
7947	6197
7947	6198
7947	6199
7947	6200
7947	6201
7947	6202
7947	6203
7947	6204
7947	6205
7947	6206
7947	6207
7947	6208
7947	6209
7947	6210
7947	6211
7947	6212
7947	6213
7947	6214
7947	6215
7947	6216
7947	6217
7947	6218
7947	6219
7947	6220
7947	6221
7947	6222
7947	6223
7947	6224
7947	6225
7947	6226
7947	6227
7947	6228
7947	6229
7947	6230
7947	6231
7947	6232
7947	6233
7947	6234
7947	6235
7947	6236
7947	6237
7947	6238
7947	6239
7947	6240
7947	6241
7947	6242
7947	6243
7947	6244
7947	6245
7947	6246
7947	6247
7947	6248
7947	6249
7947	6250
7947	6251
7947	6252
7947	6253
7947	6254
7947	6255
7947	6256
7947	6257
7947	6258
7947	6259
7947	6260
7947	6261
7947	6262
7947	6263
7947	6264
7947	6265
7947	6266
7947	6267
7947	6268
7947	6269
7947	6270
7947	6271
7947	6272
7947	6273
7947	6274
7947	6275
7947	6276
7947	6277
7947	6278
7947	6279
7947	6280
7947	6281
7947	6282
7947	6283
7947	6284
7947	6285
7947	6286
7947	6287
7947	6288
7947	6289
7947	6290
7947	6291
7947	6292
7947	6293
7947	6294
7947	6295
7947	6296
7947	6297
7947	6298
7947	6299
7947	6300
7947	6301
7947	6302
7947	6303
7947	6304
7947	6305
7947	6306
7947	6307
7947	6308
7947	6309
7947	6310
7947	6311
7947	6312
7947	6313
7947	6314
7947	6315
7947	6316
7947	6317
7947	6318
7947	6319
7947	6320
7947	6321
7947	6322
7947	6323
7947	6324
7947	6325
7947	6326
7947	6327
7947	6328
7947	6329
7947	6330
7947	6331
7947	6332
7947	6333
7947	6334
7947	6335
7947	6336
7947	6337
7947	6338
7947	6339
7947	6340
7947	6341
7947	6342
7947	6343
7947	6344
7947	6345
7947	6346
7947	6347
7947	6348
7947	6349
7947	6350
7947	6351
7947	6352
7947	6353
7947	6354
7947	6355
7947	6356
7947	6357
7947	6358
7947	6359
7947	6360
7947	6361
7947	6362
7947	6363
7947	6364
7947	6365
7947	6366
7947	6367
7947	6368
7947	6369
7947	6370
7947	6371
7947	6372
7947	6373
7947	6374
7947	6375
7947	6376
7947	6377
7947	6378
7947	6379
7947	6380
7947	6381
7947	6382
7947	6383
7947	6384
7947	6385
7947	6386
7947	6387
7947	6388
7947	6389
7947	6390
7947	6391
7947	6392
7947	6393
7947	6394
7947	6395
7947	6396
7947	6397
7947	6398
7947	6399
7947	6400
7947	6401
7947	6402
7947	6403
7947	6404
7947	6405
7947	6406
7947	6407
7947	6408
7947	6409
7947	6410
7947	6411
7947	6412
7947	6413
7947	6414
7947	6415
7947	6416
7947	6417
7947	6418
7947	6419
7947	6420
7947	6421
7947	6422
7947	6423
7947	6424
7947	6425
7947	6426
7947	6427
7947	6428
7947	6429
7947	6430
7947	6431
7947	6432
7947	6433
7947	6434
7947	6435
7947	6436
7947	6437
7947	6438
7947	6439
7947	6440
7947	6441
7947	6442
7947	6443
7947	6444
7947	6445
7947	6446
7947	6447
7947	6448
7947	6449
7947	6450
7947	6451
7947	6452
7947	6453
7947	6454
7947	6455
7947	6456
7947	6457
7947	6458
7947	6459
7947	6460
7947	6461
7947	6462
7947	6463
7947	6464
7947	6465
7947	6466
7947	6467
7947	6468
7947	6469
7947	6470
7947	6471
7947	6472
7947	6473
7947	6474
7947	6475
7947	6476
7947	6477
7947	6478
7947	6479
7947	6480
7947	6481
7947	6482
7947	6483
7947	6484
7947	6485
7947	6486
7947	6487
7947	6488
7947	6489
7947	6490
7947	6491
7947	6492
7947	6493
7947	6494
7947	6495
7947	6496
7947	6497
7947	6498
7947	6499
7947	6500
7947	6501
7947	6502
7947	6503
7947	6504
7947	6505
7947	6506
7947	6507
7947	6508
7947	6509
7947	6510
7947	6511
7947	6512
7947	6513
7947	6514
7947	6515
7947	6516
7947	6517
7947	6518
7947	6519
7947	6520
7947	6521
7947	6522
7947	6523
7947	6524
7947	6525
7947	6526
7947	6527
7947	6528
7947	6529
7947	6530
7947	6531
7947	6532
7947	6533
7947	6534
7947	6535
7947	6536
7947	6537
7947	6538
7947	6539
7947	6540
7947	6541
7947	6542
7947	6543
7947	6544
7947	6545
7947	6546
7947	6547
7947	6548
7947	6549
7947	6550
7947	6551
7947	6552
7947	6553
7947	6554
7947	6555
7947	6556
7947	6557
7947	6558
7947	6559
7947	6560
7947	6561
7947	6562
7947	6563
7947	6564
7947	6565
7947	6566
7947	6567
7947	6568
7947	6569
7947	6570
7947	6571
7947	6572
7947	6573
7947	6574
7947	6575
7947	6576
7947	6577
7947	6578
7947	6579
7947	6580
7947	6581
7947	6582
7947	6583
7947	6584
7947	6585
7947	6586
7947	6587
7947	6588
7947	6589
7947	6590
7947	6591
7947	6592
7947	6593
7947	6594
7947	6595
7947	6596
7947	6597
7947	6598
7947	6599
7947	6600
7947	6601
7947	6602
7947	6603
7947	6604
7947	6605
7947	6606
7947	6607
7947	6608
7947	6609
7947	6610
7947	6611
7947	6612
7947	6613
7947	6614
7947	6615
7947	6616
7947	6617
7947	6618
7947	6619
7947	6620
7947	6621
7947	6622
7947	6623
7947	6624
7947	6625
7947	6626
7947	6627
7947	6628
7947	6629
7947	6630
7947	6631
7947	6632
7947	6633
7947	6634
7947	6635
7947	6636
7947	6637
7947	6638
7947	6639
7947	6640
7947	6641
7947	6642
7947	6643
7947	6644
7947	6645
7947	6646
7947	6647
7947	6648
7947	6649
7947	6650
7947	6651
7947	6652
7947	6653
7947	6654
7947	6655
7947	6656
7947	6657
7947	6658
7947	6659
7947	6660
7947	6661
7947	6662
7947	6663
7947	6664
7947	6665
7947	6666
7947	6667
7947	6668
7947	6669
7947	6670
7947	6671
7947	6672
7947	6673
7947	6674
7947	6675
7947	6676
7947	6677
7947	6678
7947	6679
7947	6680
7947	6681
7947	6682
7947	6683
7947	6684
7947	6685
7947	6686
7947	6687
7947	6688
7947	6689
7947	6690
7947	6691
7947	6692
7947	6693
7947	6694
7947	6695
7947	6696
7947	6697
7947	6698
7947	6699
7947	6700
7947	6701
7947	6702
7947	6703
7947	6704
7947	6705
7947	6706
7947	6707
7947	6708
7947	6709
7947	6710
7947	6711
7947	6712
7947	6713
7947	6714
7947	6715
7947	6716
7947	6717
7947	6718
7947	6719
7947	6720
7947	6721
7947	6722
7947	6723
7947	6724
7947	6725
7947	6726
7947	6727
7947	6728
7947	6729
7947	6730
7947	6731
7947	6732
7947	6733
7947	6734
7947	6735
7947	6736
7947	6737
7947	6738
7947	6739
7947	6740
7947	6741
7947	6742
7947	6743
7947	6744
7947	6745
7947	6746
7947	6747
7947	6748
7947	6749
7947	6750
7947	6751
7947	6752
7947	6753
7947	6754
7947	6755
7947	6756
7947	6757
7947	6758
7947	6759
7947	6760
7947	6761
7947	6762
7947	6763
7947	6764
7947	6765
7947	6766
7947	6767
7947	6768
7947	6769
7947	6770
7947	6771
7947	6772
7947	6773
7947	6774
7947	6775
7947	6776
7947	6777
7947	6778
7947	6779
7947	6780
7947	6781
7947	6782
7947	6783
7947	6784
7947	6785
7947	6786
7947	6787
7947	6788
7947	6789
7947	6790
7947	6791
7947	6792
7947	6793
7947	6794
7947	6795
7947	6796
7947	6797
7947	6798
7947	6799
7947	6800
7947	6801
7947	6802
7947	6803
7947	6804
7947	6805
7947	6806
7947	6807
7947	6808
7947	6809
7947	6810
7947	6811
7947	6812
7947	6813
7947	6814
7947	6815
7947	6816
7947	6817
7947	6818
7947	6819
7947	6820
7947	6821
7947	6822
7947	6823
7947	6824
7947	6825
7947	6826
7947	6827
7947	6828
7947	6829
7947	6830
7947	6831
7947	6832
7947	6833
7947	6834
7947	6835
7947	6836
7947	6837
7947	6838
7947	6839
7947	6840
7947	6841
7947	6842
7947	6843
7947	6844
7947	6845
7947	6846
7947	6847
7947	6848
7947	6849
7947	6850
7947	6851
7947	6852
7947	6853
7947	6854
7947	6855
7947	6856
7947	6857
7947	6858
7947	6859
7947	6860
7947	6861
7947	6862
7947	6863
7947	6864
7947	6865
7947	6866
7947	6867
7947	6868
7947	6869
7947	6870
7947	6871
7947	6872
7947	6873
7947	6874
7947	6875
7947	6876
7947	6877
7947	6878
7947	6879
7947	6880
7947	6881
7947	6882
7947	6883
7947	6884
7947	6885
7947	6886
7947	6887
7947	6888
7947	6889
7947	6890
7947	6891
7947	6892
7947	6893
7947	6894
7947	6895
7947	6896
7947	6897
7947	6898
7947	6899
7947	6900
7947	6901
7947	6902
7947	6903
7947	6904
7947	6905
7947	6906
7947	6907
7947	6908
7947	6909
7947	6910
7947	6911
7947	6912
7947	6913
7947	6914
7947	6915
7947	6916
7947	6917
7947	6918
7947	6919
7947	6920
7947	6921
7947	6922
7947	6923
7947	6924
7947	6925
7947	6926
7947	6927
7947	6928
7947	6929
7947	6930
7947	6931
7947	6932
7947	6933
7947	6934
7947	6935
7947	6936
7947	6937
7947	6938
7947	6939
7947	6940
7947	6941
7947	6942
7947	6943
7947	6944
7947	6945
7947	6946
7947	6947
7947	6948
7947	6949
7947	6950
7947	6951
7947	6952
7947	6953
7947	6954
7947	6955
7947	6956
7947	6957
7947	6958
7947	6959
7947	6960
7947	6961
7947	6962
7947	6963
7947	6964
7947	6965
7947	6966
7947	6967
7947	6968
7947	6969
7947	6970
7947	6971
7947	6972
7947	6973
7947	6974
7947	6975
7947	6976
7947	6977
7947	6978
7947	6979
7947	6980
7947	6981
7947	6982
7947	6983
7947	6984
7947	6985
7947	6986
7947	6987
7947	6988
7947	6989
7947	6990
7947	6991
7947	6992
7947	6993
7947	6994
7947	6995
7947	6996
7947	6997
7947	6998
7947	6999
7947	7000
7947	7001
7947	7002
7947	7003
7947	7004
7947	7005
7947	7006
7947	7007
7947	7008
7947	7009
7947	7010
7947	7011
7947	7012
7947	7013
7947	7014
7947	7015
7947	7016
7947	7017
7947	7018
7947	7019
7947	7020
7947	7021
7947	7022
7947	7023
7947	7024
7947	7025
7947	7026
7947	7027
7947	7028
7947	7029
7947	7030
7947	7031
7947	7032
7947	7033
7947	7034
7947	7035
7947	7036
7947	7037
7947	7038
7947	7039
7947	7040
7947	7041
7947	7042
7947	7043
7947	7044
7947	7045
7947	7046
7947	7047
7947	7048
7947	7049
7947	7050
7947	7051
7947	7052
7947	7053
7947	7054
7947	7055
7947	7056
7947	7057
7947	7058
7947	7059
7947	7060
7947	7061
7947	7062
7947	7063
7947	7064
7947	7065
7947	7066
7947	7067
7947	7068
7947	7069
7947	7070
7947	7071
7947	7072
7947	7073
7947	7074
7947	7075
7947	7076
7947	7077
7947	7078
7947	7079
7947	7080
7947	7081
7947	7082
7947	7083
7947	7084
7947	7085
7947	7086
7947	7087
7947	7088
7947	7089
7947	7090
7947	7091
7947	7092
7947	7093
7947	7094
7947	7095
7947	7096
7947	7097
7947	7098
7947	7099
7947	7100
7947	7101
7947	7102
7947	7103
7947	7104
7947	7105
7947	7106
7947	7107
7947	7108
7947	7109
7947	7110
7947	7111
7947	7112
7947	7113
7947	7114
7947	7115
7947	7116
7947	7117
7947	7118
7947	7119
7947	7120
7947	7121
7947	7122
7947	7123
7947	7124
7947	7125
7947	7126
7947	7127
7947	7128
7947	7129
7947	7130
7947	7131
7947	7132
7947	7133
7947	7134
7947	7135
7947	7136
7947	7137
7947	7138
7947	7139
7947	7140
7947	7141
7947	7142
7947	7143
7947	7144
7947	7145
7947	7146
7947	7147
7947	7148
7947	7149
7947	7150
7947	7151
7947	7152
7947	7153
7947	7154
7947	7155
7947	7156
7947	7157
7947	7158
7947	7159
7947	7160
7947	7161
7947	7162
7947	7163
7947	7164
7947	7165
7947	7166
7947	7167
7947	7168
7947	7169
7947	7170
7947	7171
7947	7172
7947	7173
7947	7174
7947	7175
7947	7176
7947	7177
7947	7178
7947	7179
7947	7180
7947	7181
7947	7182
7947	7183
7947	7184
7947	7185
7947	7186
7947	7187
7947	7188
7947	7189
7947	7190
7947	7191
7947	7192
7947	7193
7947	7194
7947	7195
7947	7196
7947	7197
7947	7198
7947	7199
7947	7200
7947	7201
7947	7202
7947	7203
7947	7204
7947	7205
7947	7206
7947	7207
7947	7208
7947	7209
7947	7210
7947	7211
7947	7212
7947	7213
7947	7214
7947	7215
7947	7216
7947	7217
7947	7218
7947	7219
7947	7220
7947	7221
7947	7222
7947	7223
7947	7224
7947	7225
7947	7226
7947	7227
7947	7228
7947	7229
7947	7230
7947	7231
7947	7232
7947	7233
7947	7234
7947	7235
7947	7236
7947	7237
7947	7238
7947	7239
7947	7240
7947	7241
7947	7242
7947	7243
7947	7244
7947	7245
7947	7246
7947	7247
7947	7248
7947	7249
7947	7250
7947	7251
7947	7252
7947	7253
7947	7254
7947	7255
7947	7256
7947	7257
7947	7258
7947	7259
7947	7260
7947	7261
7947	7262
7947	7263
7947	7264
7947	7265
7947	7266
7947	7267
7947	7268
7947	7269
7947	7270
7947	7271
7947	7272
7947	7273
7947	7274
7947	7275
7947	7276
7947	7277
7947	7278
7947	7279
7947	7280
7947	7281
7947	7282
7947	7283
7947	7284
7947	7285
7947	7286
7947	7287
7947	7288
7947	7289
7947	7290
7947	7291
7947	7292
7947	7293
7947	7294
7947	7295
7947	7296
7947	7297
7947	7298
7947	7299
7947	7300
7947	7301
7947	7302
7947	7303
7947	7304
7947	7305
7947	7306
7947	7307
7947	7308
7947	7309
7947	7310
7947	7311
7947	7312
7947	7313
7947	7314
7947	7315
7947	7316
7947	7317
7947	7318
7947	7319
7947	7320
7947	7321
7947	7322
7947	7323
7947	7324
7947	7325
7947	7326
7947	7327
7947	7328
7947	7329
7947	7330
7947	7331
7947	7332
7947	7333
7947	7334
7947	7335
7947	7336
7947	7337
7947	7338
7947	7339
7947	7340
7947	7341
7947	7342
7947	7343
7947	7344
7947	7345
7947	7346
7947	7347
7947	7348
7947	7349
7947	7350
7947	7351
7947	7352
7947	7353
7947	7354
7947	7355
7947	7356
7947	7357
7947	7358
7947	7359
7947	7360
7947	7361
7947	7362
7947	7363
7947	7364
7947	7365
7947	7366
7947	7367
7947	7368
7947	7369
7947	7370
7947	7371
7947	7372
7947	7373
7947	7374
7947	7375
7947	7376
7947	7377
7947	7378
7947	7379
7947	7380
7947	7381
7947	7382
7947	7383
7947	7384
7947	7385
7947	7386
7947	7387
7947	7388
7947	7389
7947	7390
7947	7391
7947	7392
7947	7393
7947	7394
7947	7395
7947	7396
7947	7397
7947	7398
7947	7399
7947	7400
7947	7401
7947	7402
7947	7403
7947	7404
7947	7405
7947	7406
7947	7407
7947	7408
7947	7409
7947	7410
7947	7411
7947	7412
7947	7413
7947	7414
7947	7415
7947	7416
7947	7417
7947	7418
7947	7419
7947	7420
7947	7421
7947	7422
7947	7423
7947	7424
7947	7425
7947	7426
7947	7427
7947	7428
7947	7429
7947	7430
7947	7431
7947	7432
7947	7433
7947	7434
7947	7435
7947	7436
7947	7437
7947	7438
7947	7439
7947	7440
7947	7441
7947	7442
7947	7443
7947	7444
7947	7445
7947	7446
7947	7447
7947	7448
7947	7449
7947	7450
7947	7451
7947	7452
7947	7453
7947	7454
7947	7455
7947	7456
7947	7457
7947	7458
7947	7459
7947	7460
7947	7461
7947	7462
7947	7463
7947	7464
7947	7465
7947	7466
7947	7467
7947	7468
7947	7469
7947	7470
7947	7471
7947	7472
7947	7473
7947	7474
7947	7475
7947	7476
7947	7477
7947	7478
7947	7479
7947	7480
7947	7481
7947	7482
7947	7483
7947	7484
7947	7485
7947	7486
7947	7487
7947	7488
7947	7489
7947	7490
7947	7491
7947	7492
7947	7493
7947	7494
7947	7495
7947	7496
7947	7497
7947	7498
7947	7499
7947	7500
7947	7501
7947	7502
7947	7503
7947	7504
7947	7505
7947	7506
7947	7507
7947	7508
7947	7509
7947	7510
7947	7511
7947	7512
7947	7513
7947	7514
7947	7515
7947	7516
7947	7517
7947	7518
7947	7519
7947	7520
7947	7521
7947	7522
7947	7523
7947	7524
7947	7525
7947	7526
7947	7527
7947	7528
7947	7529
7947	7530
7947	7531
7947	7532
7947	7533
7947	7534
7947	7535
7947	7536
7947	7537
7947	7538
7947	7539
7947	7540
7947	7541
7947	7542
7947	7543
7947	7544
7947	7545
7947	7546
7947	7547
7947	7548
7947	7549
7947	7550
7947	7551
7947	7552
7947	7553
7947	7554
7947	7555
7947	7556
7947	7557
7947	7558
7947	7559
7947	7560
7947	7561
7947	7562
7947	7563
7947	7564
7947	7565
7947	7566
7947	7567
7947	7568
7947	7569
7947	7570
7947	7571
7947	7572
7947	7573
7947	7574
7947	7575
7947	7576
7947	7577
7947	7578
7947	7579
7947	7580
7947	7581
7947	7582
7947	7583
7947	7584
7947	7585
7947	7586
7947	7587
7947	7588
7947	7589
7947	7590
7947	7591
7947	7592
7947	7593
7947	7594
7947	7595
7947	7596
7947	7597
7947	7598
7947	7599
7947	7600
7947	7601
7947	7602
7947	7603
7947	7604
7947	7605
7947	7606
7947	7607
7947	7608
7947	7609
7947	7610
7947	7611
7947	7612
7947	7613
7947	7614
7947	7615
7947	7616
7947	7617
7947	7618
7947	7619
7947	7620
7947	7621
7947	7622
7947	7623
7947	7624
7947	7625
7947	7626
7947	7627
7947	7628
7947	7629
7947	7630
7947	7631
7947	7632
7947	7633
7947	7634
7947	7635
7947	7636
7947	7637
7947	7638
7947	7639
7947	7640
7947	7641
7947	7642
7947	7643
7947	7644
7947	7645
7947	7646
7947	7647
7947	7648
7947	7649
7947	7650
7947	7651
7947	7652
7947	7653
7947	7654
7947	7655
7947	7656
7947	7657
7947	7658
7947	7659
7947	7660
7947	7661
7947	7662
7947	7663
7947	7664
7947	7665
7947	7666
7947	7667
7947	7668
7947	7669
7947	7670
7947	7671
7947	7672
7947	7673
7947	7674
7947	7675
7947	7676
7947	7677
7947	7678
7947	7679
7947	7680
7947	7681
7947	7682
7947	7683
7947	7684
7947	7685
7947	7686
7947	7687
7947	7688
7947	7689
7947	7690
7947	7691
7947	7692
7947	7693
7947	7694
7947	7695
7947	7696
7947	7697
7947	7698
7947	7699
7947	7700
7947	7701
7947	7702
7947	7703
7947	7704
7947	7705
7947	7706
7947	7707
7947	7708
7947	7709
7947	7710
7947	7711
7947	7712
7947	7713
7947	7714
7947	7715
7947	7716
7947	7717
7947	7718
7947	7719
7947	7720
7947	7721
7947	7722
7947	7723
7947	7724
7947	7725
7947	7726
7947	7727
7947	7728
7947	7729
7947	7730
7947	7731
7947	7732
7947	7733
7947	7734
7947	7735
7947	7736
7947	7737
7947	7738
7947	7739
7947	7740
7947	7741
7947	7742
7947	7743
7947	7744
7947	7745
7947	7746
7947	7747
7947	7748
7947	7749
7947	7750
7947	7751
7947	7752
7947	7753
7947	7754
7947	7755
7947	7756
7947	7757
7947	7758
7947	7759
7947	7760
7947	7761
7947	7762
7947	7763
7947	7764
7947	7765
7947	7766
7947	7767
7947	7768
7947	7769
7947	7770
7947	7771
7947	7772
7947	7773
7947	7774
7947	7775
7947	7776
7947	7777
7947	7778
7947	7779
7947	7780
7947	7781
7947	7782
7947	7783
7947	7784
7947	7785
7947	7786
7947	7787
7947	7788
7947	7789
7947	7790
7947	7791
7947	7792
7947	7793
7947	7794
7947	7795
7947	7796
7947	7797
7947	7798
7947	7799
7947	7800
7947	7801
7947	7802
7947	7803
7947	7804
7947	7805
7947	7806
7947	7807
7947	7808
7947	7809
7947	7810
7947	7811
7947	7812
7947	7813
7947	7814
7947	7815
7947	7816
7947	7817
7947	7818
7947	7819
7947	7820
7947	7821
7947	7822
7947	7823
7947	7824
7947	7825
7947	7826
7947	7827
7947	7828
7947	7829
7947	7830
7947	7831
7947	7832
7947	7833
7947	7834
7947	7835
7947	7836
7947	7837
7947	7838
7947	7839
7947	7840
7947	7841
7947	7842
7947	7843
7947	7844
7947	7845
7947	7846
7947	7847
7947	7848
7947	7849
7947	7850
7947	7851
7947	7852
7947	7853
7947	7854
7947	7855
7947	7856
7947	7857
7947	7858
7947	7859
7947	7860
7947	7861
7947	7862
7947	7863
7947	7864
7947	7865
7947	7866
7947	7867
7947	7868
7947	7869
7947	7870
7947	7871
7947	7872
7947	7873
7947	7874
7947	7875
7947	7876
7947	7877
7947	7878
7947	7879
7947	7880
7947	7881
7947	7882
7947	7883
7947	7884
7947	7885
7947	7886
7947	7887
7947	7888
7947	7889
7947	7890
7947	7891
7947	7892
7947	7893
7947	7894
7947	7895
7947	7896
7947	7897
7947	7898
7947	7899
7947	7900
7947	7901
7947	7902
7947	7903
7947	7904
7947	7905
7947	7906
7947	7907
7947	7908
7947	7909
7947	7910
7947	7911
7947	7912
7947	7913
7947	7914
7947	7915
7947	7916
7947	7917
7947	7918
7947	7919
